 2905 pardus    20   0 1124584  89428  59432 R  61,5   0,5   0:00,090 turtlesim+ 
 2905 pardus    20   0 1124584  89428  59432 R 100,0   1,4   0:00,210 turtlesim+ 
 2905 pardus    20   0 1124584  89428  59432 R 100,0   1,4   0:00,340 turtlesim+ 
 2905 pardus    20   0 1124584  89428  59432 R  91,7   1,8   0:00,450 turtlesim+ 
 2905 pardus    20   0 1124584  89428  59432 R 100,0   1,9   0:00,580 turtlesim+ 
 2905 pardus    20   0 1124584  89428  59432 R 100,0   2,0   0:00,700 turtlesim+ 
 2905 pardus    20   0 1124584  89428  59432 R 100,0   2,1   0:00,830 turtlesim+ 
 2905 pardus    20   0 1124584  89428  59432 R 100,0   2,2   0:00,950 turtlesim+ 
 2905 pardus    20   0 1124584  89428  59432 R  84,6   2,3   0:01,060 turtlesim+ 
 2905 pardus    20   0 1124584  89428  59432 R  91,7   3,0   0:01,170 turtlesim+ 
 2905 pardus    20   0 1124584  89428  59432 S  75,0   3,2   0:01,260 turtlesim+ 
 2905 pardus    20   0 1124584  89428  59432 R  53,8   3,7   0:01,330 turtlesim+ 
 2905 pardus    20   0 1124584  89428  59432 R 100,0   3,8   0:01,450 turtlesim+ 
 2905 pardus    20   0 1124584  89428  59432 R 108,3   3,8   0:01,580 turtlesim+ 
 2905 pardus    20   0 1124584  89428  59432 R 100,0   3,8   0:01,700 turtlesim+ 
 2905 pardus    20   0 1124584  89428  59432 R 100,0   3,8   0:01,830 turtlesim+ 
 2905 pardus    20   0 1124584  89428  59432 S  76,9   4,5   0:01,930 turtlesim+ 
 2905 pardus    20   0 1124584  89428  59432 S  25,0   4,6   0:01,960 turtlesim+ 
 2905 pardus    20   0 1124584  89428  59432 S   6,7   4,6   0:01,970 turtlesim+ 
 2905 pardus    20   0 1124584  89428  59432 S   7,7   4,6   0:01,980 turtlesim+ 
 2905 pardus    20   0 1124584  89428  59432 S   8,3   4,6   0:01,990 turtlesim+ 
 2905 pardus    20   0 1124584  89428  59432 S   7,7   4,6   0:02,000 turtlesim+ 
 2905 pardus    20   0 1124584  89428  59432 S   7,7   4,6   0:02,010 turtlesim+ 
 2905 pardus    20   0 1124584  89428  59432 S   8,3   4,6   0:02,020 turtlesim+ 
 2905 pardus    20   0 1124584  89428  59432 S   7,7   4,6   0:02,030 turtlesim+ 
 2905 pardus    20   0 1124584  89428  59432 S  16,7   4,6   0:02,050 turtlesim+ 
 2905 pardus    20   0 1124584  89428  59432 S   7,7   4,6   0:02,060 turtlesim+ 
 2905 pardus    20   0 1124584  89428  59432 S   8,3   4,6   0:02,070 turtlesim+ 
 2905 pardus    20   0 1124584  89428  59432 S   8,3   4,6   0:02,080 turtlesim+ 
 2905 pardus    20   0 1124584  89428  59432 S   7,7   4,6   0:02,090 turtlesim+ 
 2905 pardus    20   0 1124584  89428  59432 S   8,3   4,6   0:02,100 turtlesim+ 
 2905 pardus    20   0 1124584  89428  59432 S   7,7   4,6   0:02,110 turtlesim+ 
 2905 pardus    20   0 1124584  89428  59432 S   8,3   4,6   0:02,120 turtlesim+ 
 2905 pardus    20   0 1124584  89428  59432 S   7,7   4,6   0:02,130 turtlesim+ 
 2905 pardus    20   0 1124584  89428  59432 S   8,3   4,6   0:02,140 turtlesim+ 
 2905 pardus    20   0 1124584  89428  59432 S   8,3   4,6   0:02,150 turtlesim+ 
 2905 pardus    20   0 1124584  89428  59432 S   8,3   4,6   0:02,160 turtlesim+ 
 2905 pardus    20   0 1124584  89428  59432 S   8,3   4,6   0:02,170 turtlesim+ 
 2905 pardus    20   0 1124584  89428  59432 S   8,3   4,6   0:02,180 turtlesim+ 
 2905 pardus    20   0 1124584  89428  59432 S   8,3   4,6   0:02,190 turtlesim+ 
 2905 pardus    20   0 1124584  89428  59432 S   8,3   4,6   0:02,200 turtlesim+ 
 2905 pardus    20   0 1124584  89428  59432 S   7,7   4,6   0:02,210 turtlesim+ 
 2905 pardus    20   0 1124584  89428  59432 S   8,3   4,6   0:02,220 turtlesim+ 
 2905 pardus    20   0 1124584  89428  59432 S   7,7   4,6   0:02,230 turtlesim+ 
 2905 pardus    20   0 1124584  89428  59432 S   8,3   4,6   0:02,240 turtlesim+ 
 2905 pardus    20   0 1124584  89428  59432 S   7,7   4,6   0:02,250 turtlesim+ 
 2905 pardus    20   0 1124584  89428  59432 S  16,7   4,6   0:02,270 turtlesim+ 
 2905 pardus    20   0 1124584  89428  59432 S   8,3   4,6   0:02,280 turtlesim+ 
 2905 pardus    20   0 1124584  89428  59432 S   7,7   4,6   0:02,290 turtlesim+ 
 2905 pardus    20   0 1124584  89428  59432 S   8,3   4,6   0:02,300 turtlesim+ 
 2905 pardus    20   0 1124584  89428  59432 S   8,3   4,6   0:02,310 turtlesim+ 
 2905 pardus    20   0 1124584  89428  59432 S   8,3   4,6   0:02,320 turtlesim+ 
 2905 pardus    20   0 1124584  89428  59432 S   7,7   4,6   0:02,330 turtlesim+ 
 2905 pardus    20   0 1124584  89428  59432 S   8,3   4,6   0:02,340 turtlesim+ 
 2905 pardus    20   0 1124584  89428  59432 S   7,7   4,6   0:02,350 turtlesim+ 
 2905 pardus    20   0 1124584  89428  59432 S   8,3   4,6   0:02,360 turtlesim+ 
 2905 pardus    20   0 1124584  89428  59432 S   8,3   4,6   0:02,370 turtlesim+ 
 2905 pardus    20   0 1124584  89428  59432 S   7,7   4,6   0:02,380 turtlesim+ 
 2905 pardus    20   0 1124584  89428  59432 S   7,7   4,6   0:02,390 turtlesim+ 
 2905 pardus    20   0 1124584  89428  59432 S   8,3   4,6   0:02,400 turtlesim+ 
 2905 pardus    20   0 1124584  89428  59432 S   7,7   4,6   0:02,410 turtlesim+ 
 2905 pardus    20   0 1124584  89428  59432 S   7,7   4,6   0:02,420 turtlesim+ 
 2905 pardus    20   0 1124584  89428  59432 S   7,7   4,6   0:02,430 turtlesim+ 
 2905 pardus    20   0 1124584  89428  59432 S   7,7   4,6   0:02,440 turtlesim+ 
 2905 pardus    20   0 1124584  89428  59432 S   7,7   4,6   0:02,450 turtlesim+ 
 2905 pardus    20   0 1124584  89428  59432 S   7,7   4,6   0:02,460 turtlesim+ 
 2905 pardus    20   0 1124584  89428  59432 S  15,4   4,6   0:02,480 turtlesim+ 
 2905 pardus    20   0 1124584  89428  59432 S   7,7   4,6   0:02,490 turtlesim+ 
 2905 pardus    20   0 1124584  89428  59432 S   8,3   4,6   0:02,500 turtlesim+ 
 2905 pardus    20   0 1124584  89428  59432 S   7,7   4,6   0:02,510 turtlesim+ 
 2905 pardus    20   0 1124584  89428  59432 S   8,3   4,6   0:02,520 turtlesim+ 
 2905 pardus    20   0 1124584  89428  59432 S   7,1   4,6   0:02,530 turtlesim+ 
 2905 pardus    20   0 1124584  89428  59432 S   8,3   4,6   0:02,540 turtlesim+ 
 2905 pardus    20   0 1124584  89428  59432 S   7,7   4,6   0:02,550 turtlesim+ 
 2905 pardus    20   0 1124584  89428  59432 S   8,3   4,6   0:02,560 turtlesim+ 
 2905 pardus    20   0 1124584  89428  59432 S   7,7   4,6   0:02,570 turtlesim+ 
 2905 pardus    20   0 1124584  89428  59432 S   8,3   4,6   0:02,580 turtlesim+ 
 2905 pardus    20   0 1124584  89428  59432 S   7,7   4,6   0:02,590 turtlesim+ 
 2905 pardus    20   0 1124584  89428  59432 S  15,4   4,6   0:02,610 turtlesim+ 
 2905 pardus    20   0 1124584  89428  59432 S   8,3   4,6   0:02,620 turtlesim+ 
 2905 pardus    20   0 1124584  89428  59432 S   8,3   4,6   0:02,630 turtlesim+ 
 2905 pardus    20   0 1124584  89428  59432 S   7,7   4,6   0:02,640 turtlesim+ 
 2905 pardus    20   0 1124584  89428  59432 S   7,7   4,6   0:02,650 turtlesim+ 
 2905 pardus    20   0 1124584  89428  59432 S  16,7   4,6   0:02,670 turtlesim+ 
 2905 pardus    20   0 1124584  89428  59432 S   8,3   4,6   0:02,680 turtlesim+ 
 2905 pardus    20   0 1124584  89428  59432 S   7,7   4,6   0:02,690 turtlesim+ 
 2905 pardus    20   0 1124584  89428  59432 S   8,3   4,6   0:02,700 turtlesim+ 
 2905 pardus    20   0 1124584  89428  59432 S   8,3   4,6   0:02,710 turtlesim+ 
 2905 pardus    20   0 1124584  89428  59432 S   8,3   4,6   0:02,720 turtlesim+ 
 2905 pardus    20   0 1124584  89428  59432 S   8,3   4,6   0:02,730 turtlesim+ 
 2905 pardus    20   0 1124584  89428  59432 S   8,3   4,6   0:02,740 turtlesim+ 
 2905 pardus    20   0 1124584  89428  59432 S   8,3   4,6   0:02,750 turtlesim+ 
 2905 pardus    20   0 1124584  89428  59432 S   7,7   4,6   0:02,760 turtlesim+ 
 2905 pardus    20   0 1124584  89428  59432 S   8,3   4,6   0:02,770 turtlesim+ 
 2905 pardus    20   0 1124584  89428  59432 S   8,3   4,6   0:02,780 turtlesim+ 
 2905 pardus    20   0 1124584  89428  59432 S   8,3   4,6   0:02,790 turtlesim+ 
 2905 pardus    20   0 1124584  89428  59432 S   7,7   4,6   0:02,800 turtlesim+ 
 2905 pardus    20   0 1124584  89428  59432 S   7,7   4,6   0:02,810 turtlesim+ 
 2905 pardus    20   0 1124584  89428  59432 S   8,3   4,6   0:02,820 turtlesim+ 
 2905 pardus    20   0 1124584  89428  59432 S   7,7   4,6   0:02,830 turtlesim+ 
 2905 pardus    20   0 1124584  89428  59432 S   7,7   4,6   0:02,840 turtlesim+ 
 2905 pardus    20   0 1124584  89428  59432 S   8,3   4,6   0:02,850 turtlesim+ 
 2905 pardus    20   0 1124584  89428  59432 S   7,7   4,6   0:02,860 turtlesim+ 
 2905 pardus    20   0 1124584  89428  59432 S   8,3   4,6   0:02,870 turtlesim+ 
 2905 pardus    20   0 1124584  89428  59432 S   7,7   4,6   0:02,880 turtlesim+ 
 2905 pardus    20   0 1124584  89428  59432 S   8,3   4,6   0:02,890 turtlesim+ 
 2905 pardus    20   0 1124584  89428  59432 S   8,3   4,6   0:02,900 turtlesim+ 
 2905 pardus    20   0 1124584  89428  59432 S   7,7   4,6   0:02,910 turtlesim+ 
 2905 pardus    20   0 1124584  89428  59432 S   7,7   4,6   0:02,920 turtlesim+ 
 2905 pardus    20   0 1124584  89428  59432 S   7,7   4,6   0:02,930 turtlesim+ 
 2905 pardus    20   0 1124584  89428  59432 S   8,3   4,6   0:02,940 turtlesim+ 
 2905 pardus    20   0 1124584  89428  59432 S   8,3   4,6   0:02,950 turtlesim+ 
 2905 pardus    20   0 1124584  89428  59432 S   7,7   4,6   0:02,960 turtlesim+ 
 2905 pardus    20   0 1124584  89428  59432 S   8,3   4,6   0:02,970 turtlesim+ 
 2905 pardus    20   0 1124584  89428  59432 S   7,7   4,6   0:02,980 turtlesim+ 
 2905 pardus    20   0 1124584  89428  59432 S   8,3   4,6   0:02,990 turtlesim+ 
 2905 pardus    20   0 1124584  89428  59432 S   8,3   4,6   0:03,000 turtlesim+ 
 2905 pardus    20   0 1124584  89428  59432 S   7,7   4,6   0:03,010 turtlesim+ 
 2905 pardus    20   0 1124584  89428  59432 S   7,7   4,6   0:03,020 turtlesim+ 
 2905 pardus    20   0 1124584  89428  59432 S   7,7   4,6   0:03,030 turtlesim+ 
 2905 pardus    20   0 1124584  89428  59432 S   7,7   4,6   0:03,040 turtlesim+ 
 2905 pardus    20   0 1124584  89428  59432 S   7,7   4,6   0:03,050 turtlesim+ 
 2905 pardus    20   0 1124584  89428  59432 S   8,3   4,6   0:03,060 turtlesim+ 
 2905 pardus    20   0 1124584  89428  59432 S   8,3   4,6   0:03,070 turtlesim+ 
 2905 pardus    20   0 1124584  89428  59432 S   7,7   4,6   0:03,080 turtlesim+ 
 2905 pardus    20   0 1124584  89428  59432 S   7,7   4,6   0:03,090 turtlesim+ 
 2905 pardus    20   0 1124584  89428  59432 S   8,3   4,6   0:03,100 turtlesim+ 
 2905 pardus    20   0 1124584  89428  59432 S   7,7   4,6   0:03,110 turtlesim+ 
 2905 pardus    20   0 1124584  89428  59432 S   8,3   4,6   0:03,120 turtlesim+ 
 2905 pardus    20   0 1124584  89428  59432 S   7,7   4,6   0:03,130 turtlesim+ 
 2905 pardus    20   0 1124584  89428  59432 S   7,7   4,6   0:03,140 turtlesim+ 
 2905 pardus    20   0 1124584  89428  59432 S   8,3   4,6   0:03,150 turtlesim+ 
 2905 pardus    20   0 1124584  89428  59432 S   8,3   4,6   0:03,160 turtlesim+ 
 2905 pardus    20   0 1124584  89428  59432 S   8,3   4,6   0:03,170 turtlesim+ 
 2905 pardus    20   0 1124584  89428  59432 S   8,3   4,6   0:03,180 turtlesim+ 
 2905 pardus    20   0 1124584  89428  59432 S   8,3   4,6   0:03,190 turtlesim+ 
 2905 pardus    20   0 1124584  89428  59432 S   8,3   4,6   0:03,200 turtlesim+ 
 2905 pardus    20   0 1124584  89428  59432 S   8,3   4,6   0:03,210 turtlesim+ 
 2905 pardus    20   0 1124584  89428  59432 S   7,7   4,6   0:03,220 turtlesim+ 
 2905 pardus    20   0 1124584  89428  59432 S   8,3   4,6   0:03,230 turtlesim+ 
 2905 pardus    20   0 1124584  89428  59432 S   7,7   4,6   0:03,240 turtlesim+ 
 2905 pardus    20   0 1124584  89428  59432 S   8,3   4,6   0:03,250 turtlesim+ 
 2905 pardus    20   0 1124584  89428  59432 S   7,7   4,6   0:03,260 turtlesim+ 
 2905 pardus    20   0 1124584  89428  59432 S   7,7   4,6   0:03,270 turtlesim+ 
 2905 pardus    20   0 1124584  89428  59432 S   8,3   4,6   0:03,280 turtlesim+ 
 2905 pardus    20   0 1124584  89428  59432 S   7,7   4,6   0:03,290 turtlesim+ 
 2905 pardus    20   0 1124584  89428  59432 S   7,7   4,6   0:03,300 turtlesim+ 
 2905 pardus    20   0 1124584  89428  59432 S   8,3   4,6   0:03,310 turtlesim+ 
 2905 pardus    20   0 1124584  89428  59432 S   8,3   4,6   0:03,320 turtlesim+ 
 2905 pardus    20   0 1124584  89428  59432 S   8,3   4,6   0:03,330 turtlesim+ 
 2905 pardus    20   0 1124584  89428  59432 S   7,7   4,6   0:03,340 turtlesim+ 
 2905 pardus    20   0 1124584  89428  59432 S   8,3   4,6   0:03,350 turtlesim+ 
 2905 pardus    20   0 1124584  89428  59432 S   7,7   4,6   0:03,360 turtlesim+ 
 2905 pardus    20   0 1124584  89428  59432 S   8,3   4,6   0:03,370 turtlesim+ 
 2905 pardus    20   0 1124584  89428  59432 S   8,3   4,6   0:03,380 turtlesim+ 
 2905 pardus    20   0 1124584  89428  59432 S   8,3   4,6   0:03,390 turtlesim+ 
 2905 pardus    20   0 1124584  89428  59432 S   8,3   4,6   0:03,400 turtlesim+ 
 2905 pardus    20   0 1124584  89428  59432 S   8,3   4,6   0:03,410 turtlesim+ 
 2905 pardus    20   0 1124584  89428  59432 S   7,7   4,6   0:03,420 turtlesim+
 2905 pardus    20   0 1124316  89164  59168 S   7,7   4,4   0:03,430 turtlesim+ 
 2905 pardus    20   0 1124316  89164  59168 S   7,7   4,4   0:03,440 turtlesim+ 
 2905 pardus    20   0 1124316  89164  59168 S   7,7   4,4   0:03,450 turtlesim+ 
 2905 pardus    20   0 1124316  89164  59168 S   7,7   4,4   0:03,460 turtlesim+ 
 2905 pardus    20   0 1124316  89164  59168 S   7,7   4,4   0:03,470 turtlesim+ 
 2905 pardus    20   0 1124316  89164  59168 S   7,7   4,4   0:03,480 turtlesim+ 
 2905 pardus    20   0 1124316  89164  59168 S   7,7   4,4   0:03,490 turtlesim+ 
 2905 pardus    20   0 1124316  89164  59168 S   7,7   4,4   0:03,500 turtlesim+ 
 2905 pardus    20   0 1124316  89164  59168 S   7,7   4,4   0:03,510 turtlesim+ 
 2905 pardus    20   0 1124316  89164  59168 S   7,1   4,4   0:03,520 turtlesim+ 
 2905 pardus    20   0 1124316  89164  59168 S   7,7   4,4   0:03,530 turtlesim+ 
 2905 pardus    20   0 1124316  89164  59168 S   7,7   4,4   0:03,540 turtlesim+ 
 2905 pardus    20   0 1124316  89164  59168 S   7,7   4,4   0:03,550 turtlesim+ 
 2905 pardus    20   0 1124316  89164  59168 S   7,7   4,4   0:03,560 turtlesim+ 
 2905 pardus    20   0 1124316  89164  59168 S   7,1   4,4   0:03,570 turtlesim+ 
 2905 pardus    20   0 1124316  89164  59168 S   7,7   4,4   0:03,580 turtlesim+ 
 2905 pardus    20   0 1124316  89164  59168 S   7,7   4,4   0:03,590 turtlesim+ 
 2905 pardus    20   0 1124316  89164  59168 S   7,7   4,4   0:03,600 turtlesim+ 
 2905 pardus    20   0 1124316  89164  59168 S   7,1   4,4   0:03,610 turtlesim+ 
 2905 pardus    20   0 1124316  89428  59432 S  30,8   4,4   0:03,650 turtlesim+ 
 2905 pardus    20   0 1124316  89428  59432 S  21,4   4,4   0:03,680 turtlesim+ 
 2905 pardus    20   0 1124316  89428  59432 R  28,6   4,4   0:03,720 turtlesim+ 
 2905 pardus    20   0 1124316  89428  59432 S  20,0   4,4   0:03,750 turtlesim+ 
 2905 pardus    20   0 1124452  89428  59432 R  28,6   4,4   0:03,790 turtlesim+ 
 2905 pardus    20   0 1124452  89428  59432 S  21,4   4,4   0:03,820 turtlesim+ 
 2905 pardus    20   0 1124452  89428  59432 R  20,0   4,4   0:03,850 turtlesim+ 
 2905 pardus    20   0 1124452  89428  59432 S  28,6   4,4   0:03,890 turtlesim+ 
 2905 pardus    20   0 1124452  89428  59432 R  28,6   4,4   0:03,930 turtlesim+ 
 2905 pardus    20   0 1124452  89428  59432 S  20,0   4,4   0:03,960 turtlesim+ 
 2905 pardus    20   0 1124452  89428  59432 S  28,6   4,4   0:04,000 turtlesim+ 
 2905 pardus    20   0 1124452  89428  59432 S  21,4   4,4   0:04,030 turtlesim+ 
 2905 pardus    20   0 1124584  89428  59432 S  26,7   4,4   0:04,070 turtlesim+ 
 2905 pardus    20   0 1124584  89428  59432 S  26,7   4,4   0:04,110 turtlesim+ 
 2905 pardus    20   0 1124584  89428  59432 S  26,7   4,4   0:04,150 turtlesim+ 
 2905 pardus    20   0 1124584  89428  59432 S  28,6   4,4   0:04,190 turtlesim+ 
 2905 pardus    20   0 1124584  89692  59432 S  20,0   4,4   0:04,220 turtlesim+ 
 2905 pardus    20   0 1124584  89692  59432 R  28,6   4,4   0:04,260 turtlesim+ 
 2905 pardus    20   0 1124584  89692  59432 S  26,7   4,4   0:04,300 turtlesim+ 
 2905 pardus    20   0 1124584  89692  59432 S  21,4   4,4   0:04,330 turtlesim+ 
 2905 pardus    20   0 1124716  89692  59432 S  28,6   4,4   0:04,370 turtlesim+ 
 2905 pardus    20   0 1124716  89692  59432 S  26,7   4,4   0:04,410 turtlesim+ 
 2905 pardus    20   0 1124716  89692  59432 S  30,8   4,4   0:04,450 turtlesim+ 
 2905 pardus    20   0 1124716  89692  59432 S  28,6   4,4   0:04,490 turtlesim+ 
 2905 pardus    20   0 1124848  89692  59432 S  37,5   4,4   0:04,550 turtlesim+ 
 2905 pardus    20   0 1124848  89692  59432 S  50,0   4,4   0:04,620 turtlesim+ 
 2905 pardus    20   0 1124848  89692  59432 S  14,3   4,4   0:04,640 turtlesim+ 
 2905 pardus    20   0 1124848  89692  59432 R  46,7   4,4   0:04,710 turtlesim+ 
 2905 pardus    20   0 1124848  89692  59432 R  31,2   4,4   0:04,760 turtlesim+ 
 2905 pardus    20   0 1124848  89692  59432 R  60,0   4,4   0:04,850 turtlesim+ 
 2905 pardus    20   0 1124848  89692  59432 S  86,7   4,4   0:04,980 turtlesim+ 
 2905 pardus    20   0 1124848  89692  59432 S  42,9   4,4   0:05,070 turtlesim+ 
 2905 pardus    20   0 1124848  89692  59432 R  73,3   4,4   0:05,180 turtlesim+ 
 2905 pardus    20   0 1124848  89692  59432 R  66,7   4,4   0:05,280 turtlesim+ 
 2905 pardus    20   0 1124848  89692  59432 R  66,7   4,4   0:05,380 turtlesim+ 
 2905 pardus    20   0 1124848  89692  59432 S  64,3   4,4   0:05,470 turtlesim+ 
 2905 pardus    20   0 1124848  89692  59432 S  71,4   4,4   0:05,570 turtlesim+ 
 2905 pardus    20   0 1124848  89692  59432 S  73,3   4,4   0:05,680 turtlesim+ 
 2905 pardus    20   0 1124848  89692  59432 S  60,0   4,4   0:05,770 turtlesim+ 
 2905 pardus    20   0 1124848  89692  59432 S  43,8   4,4   0:05,840 turtlesim+ 
 2905 pardus    20   0 1124848  89692  59432 S  66,7   4,4   0:05,940 turtlesim+ 
 2905 pardus    20   0 1124848  89692  59432 S  60,0   4,4   0:06,030 turtlesim+ 
 2905 pardus    20   0 1124848  89692  59432 R  56,2   4,4   0:06,120 turtlesim+ 
 2905 pardus    20   0 1124848  89692  59432 R  56,2   4,4   0:06,210 turtlesim+ 
 2905 pardus    20   0 1124848  89692  59432 S  66,7   4,4   0:06,310 turtlesim+ 
 2905 pardus    20   0 1124848  89692  59432 S  68,8   4,4   0:06,420 turtlesim+ 
 2905 pardus    20   0 1124848  89692  59432 S  50,0   4,4   0:06,500 turtlesim+ 
 2905 pardus    20   0 1124848  89692  59432 S  66,7   4,4   0:06,600 turtlesim+ 
 2905 pardus    20   0 1124848  89692  59432 R  55,6   4,4   0:06,700 turtlesim+ 
 2905 pardus    20   0 1124848  89692  59432 S  56,2   4,4   0:06,790 turtlesim+ 
 2905 pardus    20   0 1124848  89692  59432 R  66,7   4,4   0:06,890 turtlesim+ 
 2905 pardus    20   0 1124848  89692  59432 R  66,7   4,4   0:06,990 turtlesim+ 
 2905 pardus    20   0 1124848  89692  59432 S  52,9   4,4   0:07,080 turtlesim+ 
 2905 pardus    20   0 1124848  89692  59432 R  60,0   4,4   0:07,170 turtlesim+ 
 2905 pardus    20   0 1124848  89692  59432 R  73,3   4,4   0:07,280 turtlesim+ 
 2905 pardus    20   0 1124848  89692  59432 R  46,7   4,4   0:07,350 turtlesim+ 
 2905 pardus    20   0 1124848  89692  59432 S  64,3   4,4   0:07,440 turtlesim+ 
 2905 pardus    20   0 1124848  89692  59432 R  71,4   4,4   0:07,540 turtlesim+ 
 2905 pardus    20   0 1124848  89692  59432 S  47,1   4,4   0:07,620 turtlesim+ 
 2905 pardus    20   0 1124848  89692  59432 S  58,8   4,4   0:07,720 turtlesim+ 
 2905 pardus    20   0 1124848  89692  59432 S  60,0   4,4   0:07,810 turtlesim+ 
 2905 pardus    20   0 1124848  89692  59432 R  56,2   4,4   0:07,900 turtlesim+ 
 2905 pardus    20   0 1124848  89692  59432 S  68,8   4,4   0:08,010 turtlesim+ 
 2905 pardus    20   0 1124848  89692  59432 R  64,7   4,4   0:08,120 turtlesim+ 
 2905 pardus    20   0 1124848  89692  59432 S  80,0   4,4   0:08,240 turtlesim+ 
 2905 pardus    20   0 1124848  89692  59432 R  57,1   4,4   0:08,320 turtlesim+ 
 2905 pardus    20   0 1124848  89692  59432 S  64,3   4,4   0:08,410 turtlesim+ 
 2905 pardus    20   0 1124848  89692  59432 R  56,2   4,4   0:08,500 turtlesim+ 
 2905 pardus    20   0 1124848  89692  59432 R  66,7   4,4   0:08,600 turtlesim+ 
 2905 pardus    20   0 1124848  89692  59432 S  68,8   4,4   0:08,710 turtlesim+ 
 2905 pardus    20   0 1124848  89692  59432 R  66,7   4,4   0:08,810 turtlesim+ 
 2905 pardus    20   0 1124848  89692  59432 R  50,0   4,4   0:08,880 turtlesim+ 
 2905 pardus    20   0 1124848  89692  59432 R  64,3   4,4   0:08,970 turtlesim+ 
 2905 pardus    20   0 1124848  89692  59432 S  81,2   4,4   0:09,100 turtlesim+ 
 2905 pardus    20   0 1124848  89692  59432 R  41,2   4,4   0:09,170 turtlesim+ 
 2905 pardus    20   0 1124848  89692  59432 R  64,3   4,4   0:09,260 turtlesim+ 
 2905 pardus    20   0 1124848  89692  59432 R  62,5   4,4   0:09,360 turtlesim+ 
 2905 pardus    20   0 1124848  89692  59432 S  53,8   4,4   0:09,430 turtlesim+ 
 2905 pardus    20   0 1124848  89692  59432 S  71,4   4,4   0:09,530 turtlesim+ 
 2905 pardus    20   0 1124848  89692  59432 R  53,3   4,4   0:09,610 turtlesim+ 
 2905 pardus    20   0 1124848  89692  59432 R  53,3   4,4   0:09,690 turtlesim+ 
 2905 pardus    20   0 1124848  89692  59432 S  53,3   4,4   0:09,770 turtlesim+ 
 2905 pardus    20   0 1124848  89692  59432 R  53,3   4,4   0:09,850 turtlesim+ 
 2905 pardus    20   0 1124848  89692  59432 S  57,1   4,4   0:09,930 turtlesim+ 
 2905 pardus    20   0 1124848  89692  59432 R  62,5   4,4   0:10,030 turtlesim+ 
 2905 pardus    20   0 1124848  89692  59432 S  62,5   4,4   0:10,130 turtlesim+ 
 2905 pardus    20   0 1124848  89692  59432 S  60,0   4,4   0:10,220 turtlesim+ 
 2905 pardus    20   0 1124848  89692  59432 S  53,3   4,4   0:10,300 turtlesim+ 
 2905 pardus    20   0 1124848  89692  59432 R  66,7   4,4   0:10,400 turtlesim+ 
 2905 pardus    20   0 1124848  89692  59432 S  75,0   4,4   0:10,520 turtlesim+ 
 2905 pardus    20   0 1124848  89692  59432 R  50,0   4,4   0:10,600 turtlesim+ 
 2905 pardus    20   0 1124848  89692  59432 S  64,3   4,4   0:10,690 turtlesim+ 
 2905 pardus    20   0 1124848  89692  59432 S  57,1   4,4   0:10,770 turtlesim+ 
 2905 pardus    20   0 1124848  89692  59432 S  60,0   4,4   0:10,860 turtlesim+ 
 2905 pardus    20   0 1124848  89692  59432 S  50,0   4,4   0:10,940 turtlesim+ 
 2905 pardus    20   0 1124848  89692  59432 R  64,7   4,4   0:11,050 turtlesim+ 
 2905 pardus    20   0 1124848  89692  59432 R  46,7   4,4   0:11,120 turtlesim+ 
 2905 pardus    20   0 1124848  89692  59432 R  85,7   4,4   0:11,240 turtlesim+ 
 2905 pardus    20   0 1124848  89692  59432 R  57,1   4,4   0:11,320 turtlesim+ 
 2905 pardus    20   0 1124848  89692  59432 S  71,4   4,4   0:11,420 turtlesim+ 
 2905 pardus    20   0 1124848  89692  59432 S  68,8   4,4   0:11,530 turtlesim+ 
 2905 pardus    20   0 1124848  89692  59432 S  60,0   4,4   0:11,620 turtlesim+ 
 2905 pardus    20   0 1124848  89692  59432 S  53,3   4,4   0:11,700 turtlesim+ 
 2905 pardus    20   0 1124848  89692  59432 S  53,3   4,4   0:11,780 turtlesim+ 
 2905 pardus    20   0 1124848  89692  59432 S  50,0   4,4   0:11,860 turtlesim+ 
 2905 pardus    20   0 1124848  89692  59432 S  50,0   4,4   0:11,940 turtlesim+ 
 2905 pardus    20   0 1124848  89692  59432 S  56,2   4,4   0:12,030 turtlesim+ 
 2905 pardus    20   0 1124848  89692  59432 R  66,7   4,4   0:12,130 turtlesim+ 
 2905 pardus    20   0 1124848  89692  59432 S  73,3   4,4   0:12,240 turtlesim+ 
 2905 pardus    20   0 1124848  89692  59432 R  56,2   4,4   0:12,330 turtlesim+ 
 2905 pardus    20   0 1124848  89692  59432 R  57,1   4,4   0:12,410 turtlesim+ 
 2905 pardus    20   0 1124848  89692  59432 R  71,4   4,4   0:12,510 turtlesim+ 
 2905 pardus    20   0 1124848  89692  59432 R  66,7   4,4   0:12,610 turtlesim+ 
 2905 pardus    20   0 1124848  89692  59432 R  60,0   4,4   0:12,700 turtlesim+ 
 2905 pardus    20   0 1124848  89692  59432 R  66,7   4,4   0:12,800 turtlesim+ 
 2905 pardus    20   0 1124848  89692  59432 R  60,0   4,4   0:12,890 turtlesim+ 
 2905 pardus    20   0 1124848  89692  59432 R  62,5   4,4   0:12,990 turtlesim+ 
 2905 pardus    20   0 1124848  89692  59432 S  68,8   4,4   0:13,100 turtlesim+ 
 2905 pardus    20   0 1124848  89692  59432 S  60,0   4,4   0:13,190 turtlesim+ 
 2905 pardus    20   0 1124848  89692  59432 S  68,8   4,4   0:13,300 turtlesim+ 
 2905 pardus    20   0 1124848  89692  59432 S  46,7   4,4   0:13,370 turtlesim+ 
 2905 pardus    20   0 1124848  89692  59432 S  80,0   4,4   0:13,490 turtlesim+ 
 2905 pardus    20   0 1124848  89692  59432 R  58,8   4,4   0:13,590 turtlesim+ 
 2905 pardus    20   0 1124848  89692  59432 S  68,8   4,4   0:13,700 turtlesim+ 
 2905 pardus    20   0 1124848  89692  59432 S  68,8   4,4   0:13,810 turtlesim+ 
 2905 pardus    20   0 1124848  89692  59432 S  58,8   4,4   0:13,910 turtlesim+ 
 2905 pardus    20   0 1124848  89692  59432 S  62,5   4,4   0:14,010 turtlesim+ 
 2905 pardus    20   0 1124848  89692  59432 R  60,0   4,4   0:14,100 turtlesim+ 
 2905 pardus    20   0 1124848  89692  59432 R  64,3   4,4   0:14,190 turtlesim+ 
 2905 pardus    20   0 1124848  89692  59432 S  53,3   4,4   0:14,270 turtlesim+ 
 2905 pardus    20   0 1124848  89692  59432 S  57,1   4,4   0:14,350 turtlesim+ 
 2905 pardus    20   0 1124848  89692  59432 R  66,7   4,4   0:14,450 turtlesim+ 
 2905 pardus    20   0 1124848  89692  59432 S  56,2   4,4   0:14,540 turtlesim+ 
 2905 pardus    20   0 1124848  89692  59432 R  64,3   4,4   0:14,630 turtlesim+ 
 2905 pardus    20   0 1124848  89692  59432 S  57,1   4,4   0:14,710 turtlesim+ 
 2905 pardus    20   0 1124848  89692  59432 S  71,4   4,4   0:14,810 turtlesim+ 
 2905 pardus    20   0 1124848  89692  59432 S  71,4   4,4   0:14,910 turtlesim+ 
 2905 pardus    20   0 1124848  89692  59432 S  57,1   4,4   0:14,990 turtlesim+ 
 2905 pardus    20   0 1124848  89692  59432 R  66,7   4,4   0:15,090 turtlesim+ 
 2905 pardus    20   0 1124848  89692  59432 S  60,0   4,4   0:15,180 turtlesim+ 
 2905 pardus    20   0 1124848  89692  59432 S  66,7   4,4   0:15,280 turtlesim+ 
 2905 pardus    20   0 1124848  89692  59432 R  66,7   4,4   0:15,380 turtlesim+ 
 2905 pardus    20   0 1124848  89692  59432 R  50,0   4,4   0:15,450 turtlesim+ 
 2905 pardus    20   0 1124848  89692  59432 R  42,9   4,4   0:15,510 turtlesim+ 
 2905 pardus    20   0 1124848  89692  59432 R  50,0   4,4   0:15,580 turtlesim+ 
 2905 pardus    20   0 1124848  89692  59432 S  64,3   4,4   0:15,670 turtlesim+ 
 2905 pardus    20   0 1124848  89692  59432 S  73,3   4,4   0:15,780 turtlesim+ 
 2905 pardus    20   0 1124848  89692  59432 R  73,3   4,4   0:15,890 turtlesim+ 
 2905 pardus    20   0 1124848  89692  59432 S  61,1   4,4   0:16,000 turtlesim+ 
 2905 pardus    20   0 1124848  89692  59432 R  52,9   4,4   0:16,090 turtlesim+ 
 2905 pardus    20   0 1124848  89692  59432 S  60,0   4,4   0:16,180 turtlesim+ 
 2905 pardus    20   0 1124848  89692  59432 S  66,7   4,4   0:16,280 turtlesim+ 
 2905 pardus    20   0 1124848  89692  59432 R  64,3   4,4   0:16,370 turtlesim+ 
 2905 pardus    20   0 1124848  89692  59432 R  64,3   4,4   0:16,460 turtlesim+ 
 2905 pardus    20   0 1124848  89692  59432 S  66,7   4,4   0:16,560 turtlesim+ 
 2905 pardus    20   0 1124848  89692  59432 R  57,1   4,4   0:16,640 turtlesim+ 
 2905 pardus    20   0 1124848  89692  59432 S  66,7   4,4   0:16,740 turtlesim+ 
 2905 pardus    20   0 1124848  89692  59432 R  71,4   4,4   0:16,840 turtlesim+ 
 2905 pardus    20   0 1124848  89692  59432 S  75,0   4,4   0:16,960 turtlesim+ 
 2905 pardus    20   0 1124848  89692  59432 R  53,3   4,4   0:17,040 turtlesim+ 
 2905 pardus    20   0 1124848  89692  59432 R  50,0   4,4   0:17,110 turtlesim+ 
 2905 pardus    20   0 1124848  89692  59432 S  71,4   4,4   0:17,210 turtlesim+ 
 2905 pardus    20   0 1124848  89692  59432 S  50,0   4,4   0:17,290 turtlesim+ 
 2905 pardus    20   0 1124848  89692  59432 R  50,0   4,4   0:17,360 turtlesim+ 
 2905 pardus    20   0 1124848  89692  59432 S  80,0   4,4   0:17,480 turtlesim+ 
 2905 pardus    20   0 1124848  89692  59432 S  66,7   4,4   0:17,580 turtlesim+ 
 2905 pardus    20   0 1124848  89692  59432 S  73,3   4,4   0:17,690 turtlesim+ 
 2905 pardus    20   0 1124848  89692  59432 S  58,8   4,4   0:17,790 turtlesim+ 
 2905 pardus    20   0 1124848  89692  59432 S  73,3   4,4   0:17,900 turtlesim+ 
 2905 pardus    20   0 1124848  89692  59432 R  60,0   4,4   0:17,990 turtlesim+ 
 2905 pardus    20   0 1124848  89692  59432 S  50,0   4,4   0:18,060 turtlesim+ 
 2905 pardus    20   0 1124848  89692  59432 S  57,1   4,4   0:18,140 turtlesim+ 
 2905 pardus    20   0 1124848  89692  59432 S  46,7   4,4   0:18,210 turtlesim+ 
 2905 pardus    20   0 1124848  89692  59432 S  84,6   4,4   0:18,320 turtlesim+ 
 2905 pardus    20   0 1124848  89692  59432 R  56,2   4,4   0:18,410 turtlesim+ 
 2905 pardus    20   0 1124848  89692  59432 R  57,1   4,4   0:18,490 turtlesim+ 
 2905 pardus    20   0 1124848  89692  59432 S  64,3   4,4   0:18,580 turtlesim+ 
 2905 pardus    20   0 1124848  89692  59432 S  60,0   4,4   0:18,670 turtlesim+ 
 2905 pardus    20   0 1124848  89692  59432 R  60,0   4,4   0:18,760 turtlesim+ 
 2905 pardus    20   0 1124848  89692  59432 S  64,3   4,4   0:18,850 turtlesim+ 
 2905 pardus    20   0 1124848  89692  59432 R  69,2   4,4   0:18,940 turtlesim+ 
 2905 pardus    20   0 1124848  89692  59432 S  66,7   4,4   0:19,040 turtlesim+ 
 2905 pardus    20   0 1124848  89692  59432 R  64,3   4,4   0:19,130 turtlesim+ 
 2905 pardus    20   0 1124848  89692  59432 R  57,1   4,4   0:19,210 turtlesim+ 
 2905 pardus    20   0 1124848  89692  59432 R  62,5   4,4   0:19,310 turtlesim+ 
 2905 pardus    20   0 1124848  89692  59432 S  60,0   4,4   0:19,400 turtlesim+ 
 2905 pardus    20   0 1124848  89692  59432 S  68,8   4,4   0:19,510 turtlesim+ 
 2905 pardus    20   0 1124848  89692  59432 R  53,3   4,4   0:19,590 turtlesim+ 
 2905 pardus    20   0 1124848  89692  59432 R  73,3   4,4   0:19,700 turtlesim+ 
 2905 pardus    20   0 1124848  89692  59432 S  73,3   4,4   0:19,810 turtlesim+ 
 2905 pardus    20   0 1124848  89692  59432 S  60,0   4,4   0:19,900 turtlesim+ 
 2905 pardus    20   0 1124848  89692  59432 S  57,1   4,4   0:19,980 turtlesim+ 
 2905 pardus    20   0 1124848  89692  59432 R  64,3   4,4   0:20,070 turtlesim+ 
 2905 pardus    20   0 1124848  89692  59432 S  68,8   4,4   0:20,180 turtlesim+ 
 2905 pardus    20   0 1124848  89692  59432 S  53,3   4,4   0:20,260 turtlesim+ 
 2905 pardus    20   0 1124848  89692  59432 R  62,5   4,4   0:20,360 turtlesim+ 
 2905 pardus    20   0 1124848  89692  59432 S  60,0   4,4   0:20,450 turtlesim+ 
 2905 pardus    20   0 1124848  89692  59432 S  78,6   4,4   0:20,560 turtlesim+ 
 2905 pardus    20   0 1124848  89692  59432 R  66,7   4,4   0:20,660 turtlesim+ 
 2905 pardus    20   0 1124848  89692  59432 R  62,5   4,4   0:20,760 turtlesim+ 
 2905 pardus    20   0 1124848  89692  59432 R  78,6   4,4   0:20,870 turtlesim+ 
 2905 pardus    20   0 1124848  89692  59432 S  55,6   4,4   0:20,970 turtlesim+ 
 2905 pardus    20   0 1124848  89692  59432 S  50,0   4,4   0:21,050 turtlesim+ 
 2905 pardus    20   0 1124848  89692  59432 S  71,4   4,4   0:21,150 turtlesim+ 
 2905 pardus    20   0 1124848  89692  59432 R  64,3   4,4   0:21,240 turtlesim+ 
 2905 pardus    20   0 1124848  89692  59432 S  64,3   4,4   0:21,330 turtlesim+ 
 2905 pardus    20   0 1124848  89692  59432 S  50,0   4,4   0:21,410 turtlesim+ 
 2905 pardus    20   0 1124848  89692  59432 S  64,3   4,4   0:21,500 turtlesim+ 
 2905 pardus    20   0 1124848  89692  59432 S  50,0   4,4   0:21,580 turtlesim+ 
 2905 pardus    20   0 1124848  89692  59432 R  68,8   4,4   0:21,690 turtlesim+ 
 2905 pardus    20   0 1124848  89692  59432 R  56,2   4,4   0:21,780 turtlesim+ 
 2905 pardus    20   0 1124848  89692  59432 S  85,7   4,4   0:21,900 turtlesim+ 
 2905 pardus    20   0 1124848  89692  59432 S  50,0   4,4   0:21,990 turtlesim+ 
 2905 pardus    20   0 1124848  89692  59432 R  57,1   4,4   0:22,070 turtlesim+ 
 2905 pardus    20   0 1124848  89692  59432 S  64,3   4,4   0:22,160 turtlesim+ 
 2905 pardus    20   0 1124848  89692  59432 R  73,3   4,4   0:22,270 turtlesim+ 
 2905 pardus    20   0 1124848  89692  59432 S  80,0   4,4   0:22,390 turtlesim+ 
 2905 pardus    20   0 1124848  89692  59432 R  62,5   4,4   0:22,490 turtlesim+ 
 2905 pardus    20   0 1124848  89692  59432 R  61,5   4,4   0:22,570 turtlesim+ 
 2905 pardus    20   0 1124848  89692  59432 S  46,7   4,4   0:22,640 turtlesim+ 
 2905 pardus    20   0 1124848  89692  59432 S  57,1   4,4   0:22,720 turtlesim+ 
 2905 pardus    20   0 1124848  89692  59432 S  78,6   4,4   0:22,830 turtlesim+ 
 2905 pardus    20   0 1124848  89692  59432 R  73,3   4,4   0:22,940 turtlesim+ 
 2905 pardus    20   0 1124848  89692  59432 S  56,2   4,4   0:23,030 turtlesim+ 
 2905 pardus    20   0 1124848  89692  59432 S  60,0   4,4   0:23,120 turtlesim+ 
 2905 pardus    20   0 1124848  89692  59432 S  50,0   4,4   0:23,200 turtlesim+ 
 2905 pardus    20   0 1124848  89692  59432 R  78,6   4,4   0:23,310 turtlesim+ 
 2905 pardus    20   0 1124848  89692  59432 R  66,7   4,4   0:23,410 turtlesim+ 
 2905 pardus    20   0 1124848  89692  59432 S  53,3   4,4   0:23,490 turtlesim+ 
 2905 pardus    20   0 1124848  89692  59432 S  73,3   4,4   0:23,600 turtlesim+ 
 2905 pardus    20   0 1124848  89692  59432 S  78,6   4,4   0:23,710 turtlesim+ 
 2905 pardus    20   0 1124848  89692  59432 S  60,0   4,4   0:23,800 turtlesim+ 
 2905 pardus    20   0 1124848  89692  59432 S  53,3   4,4   0:23,880 turtlesim+ 
 2905 pardus    20   0 1124848  89692  59432 S  66,7   4,4   0:23,980 turtlesim+ 
 2905 pardus    20   0 1124848  89692  59432 S  64,3   4,4   0:24,070 turtlesim+ 
 2905 pardus    20   0 1124848  89692  59432 R  64,3   4,4   0:24,160 turtlesim+ 
 2905 pardus    20   0 1124848  89692  59432 R  85,7   4,4   0:24,280 turtlesim+ 
 2905 pardus    20   0 1124848  89692  59432 R  56,2   4,4   0:24,370 turtlesim+ 
 2905 pardus    20   0 1124848  89692  59432 R  60,0   4,4   0:24,460 turtlesim+ 
 2905 pardus    20   0 1124848  89692  59432 R  64,3   4,4   0:24,550 turtlesim+ 
 2905 pardus    20   0 1124848  89692  59432 S  62,5   4,4   0:24,650 turtlesim+ 
 2905 pardus    20   0 1124848  89692  59432 S  64,3   4,4   0:24,740 turtlesim+ 
 2905 pardus    20   0 1124848  89692  59432 R  64,3   4,4   0:24,830 turtlesim+ 
 2905 pardus    20   0 1124848  89692  59432 S  57,1   4,4   0:24,910 turtlesim+ 
 2905 pardus    20   0 1124848  89692  59432 S  60,0   4,4   0:25,000 turtlesim+ 
 2905 pardus    20   0 1124848  89692  59432 S  50,0   4,4   0:25,080 turtlesim+ 
 2905 pardus    20   0 1124848  89692  59432 R  66,7   4,4   0:25,180 turtlesim+ 
 2905 pardus    20   0 1124848  89692  59432 S  50,0   4,4   0:25,260 turtlesim+ 
 2905 pardus    20   0 1124848  89692  59432 S  66,7   4,4   0:25,360 turtlesim+ 
 2905 pardus    20   0 1124848  89692  59432 S  64,3   4,4   0:25,450 turtlesim+ 
 2905 pardus    20   0 1124848  89692  59432 S  60,0   4,4   0:25,540 turtlesim+ 
 2905 pardus    20   0 1124848  89692  59432 R  71,4   4,4   0:25,640 turtlesim+ 
 2905 pardus    20   0 1124848  89692  59432 R  73,3   4,4   0:25,750 turtlesim+ 
 2905 pardus    20   0 1124848  89692  59432 R  73,3   4,4   0:25,860 turtlesim+ 
 2905 pardus    20   0 1124848  89692  59432 S  50,0   4,4   0:25,930 turtlesim+ 
 2905 pardus    20   0 1124848  89692  59432 R  57,1   4,4   0:26,010 turtlesim+ 
 2905 pardus    20   0 1124848  89692  59432 R  73,3   4,4   0:26,120 turtlesim+ 
 2905 pardus    20   0 1124848  89692  59432 R  62,5   4,4   0:26,220 turtlesim+ 
 2905 pardus    20   0 1124848  89692  59432 S  66,7   4,4   0:26,320 turtlesim+ 
 2905 pardus    20   0 1124848  89692  59432 S  53,3   4,4   0:26,400 turtlesim+ 
 2905 pardus    20   0 1124848  89692  59432 S  62,5   4,4   0:26,500 turtlesim+ 
 2905 pardus    20   0 1124848  89692  59432 S  52,9   4,4   0:26,590 turtlesim+ 
 2905 pardus    20   0 1124848  89692  59432 S  75,0   4,4   0:26,710 turtlesim+ 
 2905 pardus    20   0 1124848  89692  59432 R  56,2   4,4   0:26,800 turtlesim+ 
 2905 pardus    20   0 1124848  89692  59432 S  73,3   4,4   0:26,910 turtlesim+ 
 2905 pardus    20   0 1124848  89692  59432 S  62,5   4,4   0:27,010 turtlesim+ 
 2905 pardus    20   0 1124848  89692  59432 R  62,5   4,4   0:27,110 turtlesim+ 
 2905 pardus    20   0 1124848  89692  59432 S  60,0   4,4   0:27,200 turtlesim+ 
 2905 pardus    20   0 1124848  89692  59432 R  47,1   4,4   0:27,280 turtlesim+ 
 2905 pardus    20   0 1124848  89692  59432 S  46,2   4,4   0:27,340 turtlesim+ 
 2905 pardus    20   0 1124848  89692  59432 S  64,3   4,4   0:27,430 turtlesim+ 
 2905 pardus    20   0 1124848  89692  59432 S  50,0   4,4   0:27,500 turtlesim+ 
 2905 pardus    20   0 1124848  89692  59432 S  50,0   4,4   0:27,570 turtlesim+ 
 2905 pardus    20   0 1124848  89692  59432 R  53,3   4,4   0:27,650 turtlesim+ 
 2905 pardus    20   0 1124848  89692  59432 S  64,3   4,4   0:27,740 turtlesim+ 
 2905 pardus    20   0 1124848  89692  59432 S  64,3   4,4   0:27,830 turtlesim+ 
 2905 pardus    20   0 1124848  89692  59432 R  71,4   4,4   0:27,930 turtlesim+ 
 2905 pardus    20   0 1124848  89692  59432 S  75,0   4,4   0:28,050 turtlesim+ 
 2905 pardus    20   0 1124848  89692  59432 S  64,3   4,4   0:28,140 turtlesim+ 
 2905 pardus    20   0 1124848  89692  59432 S  66,7   4,4   0:28,240 turtlesim+ 
 2905 pardus    20   0 1124848  89692  59432 S  57,1   4,4   0:28,320 turtlesim+ 
 2905 pardus    20   0 1124848  89692  59432 R  64,3   4,4   0:28,410 turtlesim+ 
 2905 pardus    20   0 1124848  89692  59432 S  78,6   4,4   0:28,520 turtlesim+ 
 2905 pardus    20   0 1124848  89692  59432 S  71,4   4,4   0:28,620 turtlesim+ 
 2905 pardus    20   0 1124848  89692  59432 S  47,1   4,4   0:28,700 turtlesim+ 
 2905 pardus    20   0 1124848  89692  59432 R  71,4   4,4   0:28,800 turtlesim+ 
 2905 pardus    20   0 1124848  89692  59432 R  53,3   4,4   0:28,880 turtlesim+ 
 2905 pardus    20   0 1124848  89692  59432 S  66,7   4,4   0:28,980 turtlesim+ 
 2905 pardus    20   0 1124848  89692  59432 R  53,3   4,4   0:29,060 turtlesim+ 
 2905 pardus    20   0 1124848  89692  59432 S  66,7   4,4   0:29,160 turtlesim+ 
 2905 pardus    20   0 1124848  89692  59432 S  58,8   4,4   0:29,260 turtlesim+ 
 2905 pardus    20   0 1124848  89692  59432 R  66,7   4,4   0:29,360 turtlesim+ 
 2905 pardus    20   0 1124848  89692  59432 S  58,8   4,4   0:29,460 turtlesim+ 
 2905 pardus    20   0 1124848  89692  59432 R  56,2   4,4   0:29,550 turtlesim+ 
 2905 pardus    20   0 1124848  89692  59432 R  68,8   4,4   0:29,660 turtlesim+ 
 2905 pardus    20   0 1124848  89692  59432 S  73,3   4,4   0:29,770 turtlesim+ 
 2905 pardus    20   0 1124848  89692  59432 S  58,8   4,4   0:29,870 turtlesim+ 
 2905 pardus    20   0 1124848  89692  59432 R  73,3   4,4   0:29,980 turtlesim+ 
 2905 pardus    20   0 1124848  89692  59432 R  78,6   4,4   0:30,090 turtlesim+ 
 2905 pardus    20   0 1124848  89692  59432 R  50,0   4,4   0:30,170 turtlesim+ 
 2905 pardus    20   0 1124848  89692  59432 R  68,8   4,4   0:30,280 turtlesim+ 
 2905 pardus    20   0 1124848  89692  59432 S  62,5   4,4   0:30,380 turtlesim+ 
 2905 pardus    20   0 1124848  89692  59432 S  66,7   4,4   0:30,480 turtlesim+ 
 2905 pardus    20   0 1124848  89692  59432 S  75,0   4,4   0:30,600 turtlesim+ 
 2905 pardus    20   0 1124848  89692  59432 R  68,8   4,4   0:30,710 turtlesim+ 
 2905 pardus    20   0 1124848  89692  59432 S  56,2   4,4   0:30,800 turtlesim+ 
 2905 pardus    20   0 1124848  89692  59432 R  53,3   4,4   0:30,880 turtlesim+ 
 2905 pardus    20   0 1124848  89692  59432 R  53,3   4,4   0:30,960 turtlesim+ 
 2905 pardus    20   0 1124848  89692  59432 S  66,7   4,4   0:31,060 turtlesim+ 
 2905 pardus    20   0 1124848  89692  59432 R  73,3   4,4   0:31,170 turtlesim+ 
 2905 pardus    20   0 1124848  89692  59432 S  66,7   4,4   0:31,270 turtlesim+ 
 2905 pardus    20   0 1124848  89692  59432 S  46,7   4,4   0:31,340 turtlesim+ 
 2905 pardus    20   0 1124848  89692  59432 R  68,8   4,4   0:31,450 turtlesim+ 
 2905 pardus    20   0 1124848  89692  59432 S  56,2   4,4   0:31,540 turtlesim+ 
 2905 pardus    20   0 1124848  89692  59432 R  81,2   4,4   0:31,670 turtlesim+ 
 2905 pardus    20   0 1124848  89692  59432 R  58,8   4,4   0:31,770 turtlesim+ 
 2905 pardus    20   0 1124848  89692  59432 S  68,8   4,4   0:31,880 turtlesim+ 
 2905 pardus    20   0 1124848  89692  59432 S  53,3   4,4   0:31,960 turtlesim+ 
 2905 pardus    20   0 1124848  89692  59432 S  64,3   4,4   0:32,050 turtlesim+ 
 2905 pardus    20   0 1124848  89692  59432 R  66,7   4,4   0:32,150 turtlesim+ 
 2905 pardus    20   0 1124848  89692  59432 R  53,3   4,4   0:32,230 turtlesim+ 
 2905 pardus    20   0 1124848  89692  59432 S  60,0   4,4   0:32,320 turtlesim+ 
 2905 pardus    20   0 1124848  89692  59432 R  57,1   4,4   0:32,400 turtlesim+ 
 2905 pardus    20   0 1124848  89692  59432 R  73,3   4,4   0:32,510 turtlesim+ 
 2905 pardus    20   0 1124848  89692  59432 S  53,3   4,4   0:32,590 turtlesim+ 
 2905 pardus    20   0 1124848  89692  59432 S  71,4   4,4   0:32,690 turtlesim+ 
 2905 pardus    20   0 1124848  89692  59432 S  53,3   4,4   0:32,770 turtlesim+ 
 2905 pardus    20   0 1124848  89692  59432 S  60,0   4,4   0:32,860 turtlesim+ 
 2905 pardus    20   0 1124848  89692  59432 R  60,0   4,4   0:32,950 turtlesim+ 
 2905 pardus    20   0 1124848  89692  59432 R  71,4   4,4   0:33,050 turtlesim+ 
 2905 pardus    20   0 1124848  89692  59432 S  64,3   4,4   0:33,140 turtlesim+ 
 2905 pardus    20   0 1124848  89692  59432 S  64,3   4,4   0:33,230 turtlesim+ 
 2905 pardus    20   0 1124848  89692  59432 S  60,0   4,4   0:33,320 turtlesim+ 
 2905 pardus    20   0 1124848  89692  59432 R  50,0   4,4   0:33,390 turtlesim+ 
 2905 pardus    20   0 1124848  89692  59432 S  60,0   4,4   0:33,480 turtlesim+ 
 2905 pardus    20   0 1124848  89692  59432 R  52,9   4,4   0:33,570 turtlesim+ 
 2905 pardus    20   0 1124848  89692  59432 R  80,0   4,4   0:33,690 turtlesim+ 
 2905 pardus    20   0 1124848  89692  59432 S  64,7   4,4   0:33,800 turtlesim+ 
 2905 pardus    20   0 1124848  89692  59432 R  66,7   4,4   0:33,900 turtlesim+ 
 2905 pardus    20   0 1124848  89692  59432 S  50,0   4,4   0:33,980 turtlesim+ 
 2905 pardus    20   0 1124848  89692  59432 S  64,3   4,4   0:34,070 turtlesim+ 
 2905 pardus    20   0 1124848  89692  59432 R  57,1   4,4   0:34,150 turtlesim+ 
 2905 pardus    20   0 1124848  89692  59432 S  80,0   4,4   0:34,270 turtlesim+ 
 2905 pardus    20   0 1124848  89692  59432 R  60,0   4,4   0:34,360 turtlesim+ 
 2905 pardus    20   0 1124848  89692  59432 R  66,7   4,4   0:34,460 turtlesim+ 
 2905 pardus    20   0 1124848  89692  59432 S  71,4   4,4   0:34,560 turtlesim+ 
 2905 pardus    20   0 1124848  89692  59432 R  56,2   4,4   0:34,650 turtlesim+ 
 2905 pardus    20   0 1124848  89692  59432 S  64,3   4,4   0:34,740 turtlesim+ 
 2905 pardus    20   0 1124848  89692  59432 R  60,0   4,4   0:34,830 turtlesim+ 
 2905 pardus    20   0 1124848  89692  59432 S  86,7   4,4   0:34,960 turtlesim+ 
 2905 pardus    20   0 1124848  89692  59432 S  46,7   4,4   0:35,030 turtlesim+ 
 2905 pardus    20   0 1124848  89692  59432 S  64,3   4,4   0:35,120 turtlesim+ 
 2905 pardus    20   0 1124848  89692  59432 S  57,1   4,4   0:35,200 turtlesim+ 
 2905 pardus    20   0 1124848  89692  59432 S  60,0   4,4   0:35,290 turtlesim+ 
 2905 pardus    20   0 1124848  89692  59432 S  62,5   4,4   0:35,390 turtlesim+ 
 2905 pardus    20   0 1124848  89692  59432 S  66,7   4,4   0:35,490 turtlesim+ 
 2905 pardus    20   0 1124848  89692  59432 S  57,1   4,4   0:35,570 turtlesim+ 
 2905 pardus    20   0 1124848  89692  59432 R  64,3   4,4   0:35,660 turtlesim+ 
 2905 pardus    20   0 1124848  89692  59432 S  75,0   4,4   0:35,780 turtlesim+ 
 2905 pardus    20   0 1124848  89692  59432 R  60,0   4,4   0:35,870 turtlesim+ 
 2905 pardus    20   0 1124848  89692  59432 S  60,0   4,4   0:35,960 turtlesim+ 
 2905 pardus    20   0 1124848  89692  59432 S  80,0   4,4   0:36,080 turtlesim+ 
 2905 pardus    20   0 1124848  89692  59432 S  56,2   4,4   0:36,170 turtlesim+ 
 2905 pardus    20   0 1124848  89692  59432 S  57,1   4,4   0:36,250 turtlesim+ 
 2905 pardus    20   0 1124848  89692  59432 R  71,4   4,4   0:36,350 turtlesim+ 
 2905 pardus    20   0 1124848  89692  59432 S  60,0   4,4   0:36,440 turtlesim+ 
 2905 pardus    20   0 1124848  89692  59432 R  60,0   4,4   0:36,530 turtlesim+ 
 2905 pardus    20   0 1124848  89692  59432 S  57,1   4,4   0:36,610 turtlesim+ 
 2905 pardus    20   0 1124848  89692  59432 S  76,9   4,4   0:36,710 turtlesim+ 
 2905 pardus    20   0 1124848  89692  59432 S  60,0   4,4   0:36,800 turtlesim+ 
 2905 pardus    20   0 1124848  89692  59432 S  78,6   4,4   0:36,910 turtlesim+ 
 2905 pardus    20   0 1124848  89692  59432 S  66,7   4,4   0:37,010 turtlesim+ 
 2905 pardus    20   0 1124848  89692  59432 S  53,3   4,4   0:37,090 turtlesim+ 
 2905 pardus    20   0 1124848  89692  59432 S  66,7   4,4   0:37,190 turtlesim+ 
 2905 pardus    20   0 1124848  89692  59432 S  66,7   4,4   0:37,290 turtlesim+ 
 2905 pardus    20   0 1124848  89692  59432 R  53,3   4,4   0:37,370 turtlesim+ 
 2905 pardus    20   0 1124848  89692  59432 S  64,3   4,4   0:37,460 turtlesim+ 
 2905 pardus    20   0 1124848  89692  59432 R  53,3   4,4   0:37,540 turtlesim+ 
 2905 pardus    20   0 1124848  89692  59432 R  61,5   4,4   0:37,620 turtlesim+ 
 2905 pardus    20   0 1124848  89692  59432 S  60,0   4,4   0:37,710 turtlesim+ 
 2905 pardus    20   0 1124848  89692  59432 S  40,0   4,4   0:37,770 turtlesim+ 
 2905 pardus    20   0 1124848  89692  59432 R  50,0   4,4   0:37,840 turtlesim+ 
 2905 pardus    20   0 1124848  89692  59432 R  64,3   4,4   0:37,930 turtlesim+ 
 2905 pardus    20   0 1124848  89692  59432 R  84,6   4,4   0:38,040 turtlesim+ 
 2905 pardus    20   0 1124848  89692  59432 R  75,0   4,4   0:38,160 turtlesim+ 
 2905 pardus    20   0 1124848  89692  59432 R  60,0   4,4   0:38,250 turtlesim+ 
 2905 pardus    20   0 1124848  89692  59432 R  60,0   4,4   0:38,340 turtlesim+ 
 2905 pardus    20   0 1124848  89692  59432 R  50,0   4,4   0:38,410 turtlesim+ 
 2905 pardus    20   0 1124848  89692  59432 R  57,1   4,4   0:38,490 turtlesim+ 
 2905 pardus    20   0 1124848  89692  59432 R  78,6   4,4   0:38,600 turtlesim+ 
 2905 pardus    20   0 1124848  89692  59432 S  71,4   4,4   0:38,700 turtlesim+ 
 2905 pardus    20   0 1124848  89692  59432 S  60,0   4,4   0:38,790 turtlesim+ 
 2905 pardus    20   0 1124848  89692  59432 S  46,7   4,4   0:38,860 turtlesim+ 
 2905 pardus    20   0 1124848  89692  59432 S  73,3   4,4   0:38,970 turtlesim+ 
 2905 pardus    20   0 1124848  89692  59432 R  64,3   4,4   0:39,060 turtlesim+ 
 2905 pardus    20   0 1124848  89692  59432 R  71,4   4,4   0:39,160 turtlesim+ 
 2905 pardus    20   0 1124848  89692  59432 S  68,8   4,4   0:39,270 turtlesim+ 
 2905 pardus    20   0 1124848  89692  59432 R  66,7   4,4   0:39,370 turtlesim+ 
 2905 pardus    20   0 1124848  89692  59432 R  68,8   4,4   0:39,480 turtlesim+ 
 2905 pardus    20   0 1124848  89692  59432 R  50,0   4,4   0:39,560 turtlesim+ 
 2905 pardus    20   0 1124848  89692  59432 S  75,0   4,4   0:39,680 turtlesim+ 
 2905 pardus    20   0 1124848  89692  59432 R  56,2   4,4   0:39,770 turtlesim+ 
 2905 pardus    20   0 1124848  89692  59432 S  66,7   4,4   0:39,870 turtlesim+ 
 2905 pardus    20   0 1124848  89692  59432 S  57,1   4,4   0:39,950 turtlesim+ 
 2905 pardus    20   0 1124848  89692  59432 R  66,7   4,4   0:40,050 turtlesim+ 
 2905 pardus    20   0 1124848  89692  59432 R  64,3   4,4   0:40,140 turtlesim+ 
 2905 pardus    20   0 1124848  89692  59432 S  50,0   4,4   0:40,220 turtlesim+ 
 2905 pardus    20   0 1124848  89692  59432 S  73,3   4,4   0:40,330 turtlesim+ 
 2905 pardus    20   0 1124848  89692  59432 R  60,0   4,4   0:40,420 turtlesim+ 
 2905 pardus    20   0 1124848  89692  59432 R  60,0   4,4   0:40,510 turtlesim+ 
 2905 pardus    20   0 1124848  89692  59432 S  71,4   4,4   0:40,610 turtlesim+ 
 2905 pardus    20   0 1124848  89692  59432 S  73,3   4,4   0:40,720 turtlesim+ 
 2905 pardus    20   0 1124848  89692  59432 R  73,3   4,4   0:40,830 turtlesim+ 
 2905 pardus    20   0 1124848  89692  59432 R  55,6   4,4   0:40,930 turtlesim+ 
 2905 pardus    20   0 1124848  89692  59432 R  66,7   4,4   0:41,030 turtlesim+ 
 2905 pardus    20   0 1124848  89692  59432 S  64,3   4,4   0:41,120 turtlesim+ 
 2905 pardus    20   0 1124848  89692  59432 R  60,0   4,4   0:41,210 turtlesim+ 
 2905 pardus    20   0 1124848  89692  59432 S  73,3   4,4   0:41,320 turtlesim+ 
 2905 pardus    20   0 1124848  89692  59432 S  42,9   4,4   0:41,380 turtlesim+ 
 2905 pardus    20   0 1124848  89692  59432 R  71,4   4,4   0:41,480 turtlesim+ 
 2905 pardus    20   0 1124848  89692  59432 S  60,0   4,4   0:41,570 turtlesim+ 
 2905 pardus    20   0 1124848  89692  59432 R  73,3   4,4   0:41,680 turtlesim+ 
 2905 pardus    20   0 1124848  89692  59432 S  62,5   4,4   0:41,780 turtlesim+ 
 2905 pardus    20   0 1124848  89692  59432 R  52,9   4,4   0:41,870 turtlesim+ 
 2905 pardus    20   0 1124848  89692  59432 S  53,3   4,4   0:41,950 turtlesim+ 
 2905 pardus    20   0 1124848  89692  59432 S  76,9   4,4   0:42,050 turtlesim+ 
 2905 pardus    20   0 1124848  89692  59432 R  47,1   4,4   0:42,130 turtlesim+ 
 2905 pardus    20   0 1124848  89692  59432 S  57,1   4,4   0:42,210 turtlesim+ 
 2905 pardus    20   0 1124848  89692  59432 S  60,0   4,4   0:42,300 turtlesim+ 
 2905 pardus    20   0 1124848  89692  59432 S  62,5   4,4   0:42,400 turtlesim+ 
 2905 pardus    20   0 1124848  89692  59432 R  56,2   4,4   0:42,490 turtlesim+ 
 2905 pardus    20   0 1124848  89692  59432 R  60,0   4,4   0:42,580 turtlesim+ 
 2905 pardus    20   0 1124848  89692  59432 R  80,0   4,4   0:42,700 turtlesim+ 
 2905 pardus    20   0 1124848  89692  59432 S  62,5   4,4   0:42,800 turtlesim+ 
 2905 pardus    20   0 1124848  89692  59432 S  68,8   4,4   0:42,910 turtlesim+ 
 2905 pardus    20   0 1124848  89692  59432 S  64,7   4,4   0:43,020 turtlesim+ 
 2905 pardus    20   0 1124848  89692  59432 S  50,0   4,4   0:43,100 turtlesim+ 
 2905 pardus    20   0 1124848  89692  59432 S  57,1   4,4   0:43,180 turtlesim+ 
 2905 pardus    20   0 1124848  89692  59432 S  71,4   4,4   0:43,280 turtlesim+ 
 2905 pardus    20   0 1124848  89692  59432 R  50,0   4,4   0:43,360 turtlesim+ 
 2905 pardus    20   0 1124848  89692  59432 R  80,0   4,4   0:43,480 turtlesim+ 
 2905 pardus    20   0 1124848  89692  59432 S  56,2   4,4   0:43,570 turtlesim+ 
 2905 pardus    20   0 1124848  89692  59432 S  53,3   4,4   0:43,650 turtlesim+ 
 2905 pardus    20   0 1124848  89692  59432 S  78,6   4,4   0:43,760 turtlesim+ 
 2905 pardus    20   0 1124848  89692  59432 S  66,7   4,4   0:43,860 turtlesim+ 
 2905 pardus    20   0 1124848  89692  59432 S  75,0   4,4   0:43,980 turtlesim+ 
 2905 pardus    20   0 1124848  89692  59432 S  71,4   4,4   0:44,080 turtlesim+ 
 2905 pardus    20   0 1124848  89692  59432 R  56,2   4,4   0:44,170 turtlesim+ 
 2905 pardus    20   0 1124848  89692  59432 R  71,4   4,4   0:44,270 turtlesim+ 
 2905 pardus    20   0 1124848  89692  59432 S  53,3   4,4   0:44,350 turtlesim+ 
 2905 pardus    20   0 1124848  89692  59432 S  66,7   4,4   0:44,450 turtlesim+ 
 2905 pardus    20   0 1124848  89692  59432 R  80,0   4,4   0:44,570 turtlesim+ 
 2905 pardus    20   0 1124848  89692  59432 S  58,8   4,4   0:44,670 turtlesim+ 
 2905 pardus    20   0 1124848  89692  59432 R  75,0   4,4   0:44,790 turtlesim+ 
 2905 pardus    20   0 1124848  89692  59432 S  64,7   4,4   0:44,900 turtlesim+ 
 2905 pardus    20   0 1124848  89692  59432 S  56,2   4,4   0:44,990 turtlesim+ 
 2905 pardus    20   0 1124848  89692  59432 S  50,0   4,4   0:45,060 turtlesim+ 
 2905 pardus    20   0 1124848  89692  59432 S  60,0   4,4   0:45,150 turtlesim+ 
 2905 pardus    20   0 1124848  89692  59432 S  68,8   4,4   0:45,260 turtlesim+ 
 2905 pardus    20   0 1124848  89692  59432 R  50,0   4,4   0:45,340 turtlesim+ 
 2905 pardus    20   0 1124848  89692  59432 R  71,4   4,4   0:45,440 turtlesim+ 
 2905 pardus    20   0 1124848  89692  59432 S  69,2   4,4   0:45,530 turtlesim+ 
 2905 pardus    20   0 1124848  89692  59432 S  57,1   4,4   0:45,610 turtlesim+ 
 2905 pardus    20   0 1124848  89692  59432 S  64,3   4,4   0:45,700 turtlesim+ 
 2905 pardus    20   0 1124848  89692  59432 R  60,0   4,4   0:45,790 turtlesim+ 
 2905 pardus    20   0 1124848  89692  59432 R  71,4   4,4   0:45,890 turtlesim+ 
 2905 pardus    20   0 1124848  89692  59432 S  58,8   4,4   0:45,990 turtlesim+ 
 2905 pardus    20   0 1124848  89692  59432 S  64,3   4,4   0:46,080 turtlesim+ 
 2905 pardus    20   0 1124848  89692  59432 S  56,2   4,4   0:46,170 turtlesim+ 
 2905 pardus    20   0 1124848  89692  59432 S  64,3   4,4   0:46,260 turtlesim+ 
 2905 pardus    20   0 1124848  89692  59432 S  60,0   4,4   0:46,350 turtlesim+ 
 2905 pardus    20   0 1124848  89692  59432 S  60,0   4,4   0:46,440 turtlesim+ 
 2905 pardus    20   0 1124848  89692  59432 S  64,3   4,4   0:46,530 turtlesim+ 
 2905 pardus    20   0 1124848  89692  59432 S  78,6   4,4   0:46,640 turtlesim+ 
 2905 pardus    20   0 1124848  89692  59432 S  64,3   4,4   0:46,730 turtlesim+ 
 2905 pardus    20   0 1124848  89692  59432 S  66,7   4,4   0:46,830 turtlesim+ 
 2905 pardus    20   0 1124848  89692  59432 S  73,3   4,4   0:46,940 turtlesim+ 
 2905 pardus    20   0 1124848  89692  59432 S  62,5   4,4   0:47,040 turtlesim+ 
 2905 pardus    20   0 1124848  89692  59432 S  80,0   4,4   0:47,160 turtlesim+ 
 2905 pardus    20   0 1124848  89692  59432 S  50,0   4,4   0:47,240 turtlesim+ 
 2905 pardus    20   0 1124848  89692  59432 S  85,7   4,4   0:47,360 turtlesim+ 
 2905 pardus    20   0 1124848  89692  59432 S  62,5   4,4   0:47,460 turtlesim+ 
 2905 pardus    20   0 1124848  89692  59432 R  56,2   4,4   0:47,550 turtlesim+ 
 2905 pardus    20   0 1124848  89692  59432 R  61,5   4,4   0:47,630 turtlesim+ 
 2905 pardus    20   0 1124848  89692  59432 R  64,3   4,4   0:47,720 turtlesim+ 
 2905 pardus    20   0 1124848  89692  59432 S  53,3   4,4   0:47,800 turtlesim+ 
 2905 pardus    20   0 1124848  89692  59432 S  71,4   4,4   0:47,900 turtlesim+ 
 2905 pardus    20   0 1124848  89692  59432 R  64,3   4,4   0:47,990 turtlesim+ 
 2905 pardus    20   0 1124848  89692  59432 S  71,4   4,4   0:48,090 turtlesim+ 
 2905 pardus    20   0 1124848  89692  59432 R  78,6   4,4   0:48,200 turtlesim+ 
 2905 pardus    20   0 1124848  89692  59432 R  60,0   4,4   0:48,290 turtlesim+ 
 2905 pardus    20   0 1124848  89692  59432 S  66,7   4,4   0:48,390 turtlesim+ 
 2905 pardus    20   0 1124848  89692  59432 R  84,6   4,4   0:48,500 turtlesim+ 
 2905 pardus    20   0 1124848  89692  59432 R  64,7   4,4   0:48,610 turtlesim+ 
 2905 pardus    20   0 1124848  89692  59432 R  53,3   4,4   0:48,690 turtlesim+ 
 2905 pardus    20   0 1124848  89692  59432 R  66,7   4,4   0:48,790 turtlesim+ 
 2905 pardus    20   0 1124848  89692  59432 S  62,5   4,4   0:48,890 turtlesim+ 
 2905 pardus    20   0 1124848  89692  59432 S  75,0   4,4   0:49,010 turtlesim+ 
 2905 pardus    20   0 1124848  89692  59432 R  68,8   4,4   0:49,120 turtlesim+ 
 2905 pardus    20   0 1124848  89692  59432 S  57,1   4,4   0:49,200 turtlesim+ 
 2905 pardus    20   0 1124848  89692  59432 S  64,3   4,4   0:49,290 turtlesim+ 
 2905 pardus    20   0 1124848  89692  59432 S  57,1   4,4   0:49,370 turtlesim+ 
 2905 pardus    20   0 1124848  89692  59432 S  61,5   4,4   0:49,450 turtlesim+ 
 2905 pardus    20   0 1124848  89692  59432 S  42,9   4,4   0:49,510 turtlesim+ 
 2905 pardus    20   0 1124848  89692  59432 S  64,3   4,4   0:49,600 turtlesim+ 
 2905 pardus    20   0 1124848  89692  59432 S  71,4   4,4   0:49,700 turtlesim+ 
 2905 pardus    20   0 1124848  89692  59432 R  68,8   4,4   0:49,810 turtlesim+ 
 2905 pardus    20   0 1124848  89692  59432 R  80,0   4,4   0:49,930 turtlesim+ 
 2905 pardus    20   0 1124848  89692  59432 S  58,8   4,4   0:50,030 turtlesim+ 
 2905 pardus    20   0 1124848  89692  59432 R  64,3   4,4   0:50,120 turtlesim+ 
 2905 pardus    20   0 1124848  89692  59432 S  50,0   4,4   0:50,200 turtlesim+ 
 2905 pardus    20   0 1124848  89692  59432 R  69,2   4,4   0:50,290 turtlesim+ 
 2905 pardus    20   0 1124848  89692  59432 R  64,3   4,4   0:50,380 turtlesim+ 
 2905 pardus    20   0 1124848  89692  59432 S  71,4   4,4   0:50,480 turtlesim+ 
 2905 pardus    20   0 1124848  89692  59432 S  62,5   4,4   0:50,580 turtlesim+ 
 2905 pardus    20   0 1124848  89692  59432 S  66,7   4,4   0:50,680 turtlesim+ 
 2905 pardus    20   0 1124848  89692  59432 R  50,0   4,4   0:50,760 turtlesim+ 
 2905 pardus    20   0 1124848  89692  59432 S  64,3   4,4   0:50,850 turtlesim+ 
 2905 pardus    20   0 1124848  89692  59432 S  78,6   4,4   0:50,960 turtlesim+ 
 2905 pardus    20   0 1124848  89692  59432 R  56,2   4,4   0:51,050 turtlesim+ 
 2905 pardus    20   0 1124848  89692  59432 R  73,3   4,4   0:51,160 turtlesim+ 
 2905 pardus    20   0 1124848  89692  59432 R  80,0   4,4   0:51,280 turtlesim+ 
 2905 pardus    20   0 1124848  89692  59432 R  60,0   4,4   0:51,370 turtlesim+ 
 2905 pardus    20   0 1124848  89692  59432 S  81,2   4,4   0:51,500 turtlesim+ 
 2905 pardus    20   0 1124848  89692  59432 R  68,8   4,4   0:51,610 turtlesim+ 
 2905 pardus    20   0 1124848  89692  59432 R  71,4   4,4   0:51,710 turtlesim+ 
 2905 pardus    20   0 1124848  89692  59432 S  60,0   4,4   0:51,800 turtlesim+ 
 2905 pardus    20   0 1124848  89692  59432 R  66,7   4,4   0:51,900 turtlesim+ 
 2905 pardus    20   0 1124848  89692  59432 R  60,0   4,4   0:51,990 turtlesim+ 
 2905 pardus    20   0 1124848  89692  59432 S  69,2   4,4   0:52,080 turtlesim+ 
 2905 pardus    20   0 1124848  89692  59432 R  62,5   4,4   0:52,180 turtlesim+ 
 2905 pardus    20   0 1124848  89692  59432 R  68,8   4,4   0:52,290 turtlesim+ 
 2905 pardus    20   0 1124848  89692  59432 S  85,7   4,4   0:52,410 turtlesim+ 
 2905 pardus    20   0 1124848  89692  59432 R  66,7   4,4   0:52,510 turtlesim+ 
 2905 pardus    20   0 1124848  89692  59432 R  62,5   4,4   0:52,610 turtlesim+ 
 2905 pardus    20   0 1124848  89692  59432 S  57,1   4,4   0:52,690 turtlesim+ 
 2905 pardus    20   0 1124848  89692  59432 R  78,6   4,4   0:52,800 turtlesim+ 
 2905 pardus    20   0 1124848  89692  59432 R  58,8   4,4   0:52,900 turtlesim+ 
 2905 pardus    20   0 1124848  89692  59432 R  73,3   4,4   0:53,010 turtlesim+ 
 2905 pardus    20   0 1124848  89692  59432 S  66,7   4,4   0:53,110 turtlesim+ 
 2905 pardus    20   0 1124848  89692  59432 S  71,4   4,4   0:53,210 turtlesim+ 
 2905 pardus    20   0 1124848  89692  59432 R  66,7   4,4   0:53,310 turtlesim+ 
 2905 pardus    20   0 1124848  89692  59432 R  50,0   4,4   0:53,380 turtlesim+ 
 2905 pardus    20   0 1124848  89692  59432 R  66,7   4,4   0:53,480 turtlesim+ 
 2905 pardus    20   0 1124848  89692  59432 R  66,7   4,4   0:53,580 turtlesim+ 
 2905 pardus    20   0 1124848  89692  59432 S  64,3   4,4   0:53,670 turtlesim+ 
 2905 pardus    20   0 1124848  89692  59432 R  73,3   4,4   0:53,780 turtlesim+ 
 2905 pardus    20   0 1124848  89692  59432 R  80,0   4,4   0:53,900 turtlesim+ 
 2905 pardus    20   0 1124848  89692  59432 R  60,0   4,4   0:53,990 turtlesim+ 
 2905 pardus    20   0 1124848  89692  59432 R  80,0   4,4   0:54,110 turtlesim+ 
 2905 pardus    20   0 1124848  89692  59432 S  60,0   4,4   0:54,200 turtlesim+ 
 2905 pardus    20   0 1124848  89692  59432 S  84,6   4,4   0:54,310 turtlesim+ 
 2905 pardus    20   0 1124848  89692  59432 R  53,3   4,4   0:54,390 turtlesim+ 
 2905 pardus    20   0 1124848  89692  59432 S  78,6   4,4   0:54,500 turtlesim+ 
 2905 pardus    20   0 1124848  89692  59432 S  58,8   4,4   0:54,600 turtlesim+ 
 2905 pardus    20   0 1124848  89692  59432 R  60,0   4,4   0:54,690 turtlesim+ 
 2905 pardus    20   0 1124848  89692  59432 R  66,7   4,4   0:54,790 turtlesim+ 
 2905 pardus    20   0 1124848  89692  59432 R  62,5   4,4   0:54,890 turtlesim+ 
 2905 pardus    20   0 1124848  89692  59432 S  53,3   4,4   0:54,970 turtlesim+ 
 2905 pardus    20   0 1124848  89692  59432 S  71,4   4,4   0:55,070 turtlesim+ 
 2905 pardus    20   0 1124848  89692  59432 R  58,8   4,4   0:55,170 turtlesim+ 
 2905 pardus    20   0 1124848  89692  59432 R  66,7   4,4   0:55,270 turtlesim+ 
 2905 pardus    20   0 1124848  89692  59432 S  73,3   4,4   0:55,380 turtlesim+ 
 2905 pardus    20   0 1124848  89692  59432 S  64,3   4,4   0:55,470 turtlesim+ 
 2905 pardus    20   0 1124848  89692  59432 S  78,6   4,4   0:55,580 turtlesim+ 
 2905 pardus    20   0 1124848  89692  59432 R  64,3   4,4   0:55,670 turtlesim+ 
 2905 pardus    20   0 1124848  89692  59432 R  78,6   4,4   0:55,780 turtlesim+ 
 2905 pardus    20   0 1124848  89692  59432 R  73,3   4,4   0:55,890 turtlesim+ 
 2905 pardus    20   0 1124848  89692  59432 R  66,7   4,4   0:55,990 turtlesim+ 
 2905 pardus    20   0 1124848  89692  59432 R  80,0   4,4   0:56,110 turtlesim+ 
 2905 pardus    20   0 1124848  89692  59432 S  64,7   4,4   0:56,220 turtlesim+ 
 2905 pardus    20   0 1124848  89692  59432 R  53,3   4,4   0:56,300 turtlesim+ 
 2905 pardus    20   0 1124848  89692  59432 R  62,5   4,4   0:56,400 turtlesim+ 
 2905 pardus    20   0 1124848  89692  59432 S  85,7   4,4   0:56,520 turtlesim+ 
 2905 pardus    20   0 1124848  89692  59432 R  56,2   4,4   0:56,610 turtlesim+ 
 2905 pardus    20   0 1124848  89692  59432 R  66,7   4,4   0:56,710 turtlesim+ 
 2905 pardus    20   0 1124848  89692  59432 S  53,3   4,4   0:56,790 turtlesim+ 
 2905 pardus    20   0 1124848  89692  59432 S  64,3   4,4   0:56,880 turtlesim+ 
 2905 pardus    20   0 1124848  89692  59432 S  66,7   4,4   0:56,980 turtlesim+ 
 2905 pardus    20   0 1124848  89692  59432 R  62,5   4,4   0:57,080 turtlesim+ 
 2905 pardus    20   0 1124848  89692  59432 S  78,6   4,4   0:57,190 turtlesim+ 
 2905 pardus    20   0 1124848  89692  59432 S  70,6   4,4   0:57,310 turtlesim+ 
 2905 pardus    20   0 1124848  89692  59432 S  53,3   4,4   0:57,390 turtlesim+ 
 2905 pardus    20   0 1124848  89692  59432 R  73,3   4,4   0:57,500 turtlesim+ 
 2905 pardus    20   0 1124848  89692  59432 R  66,7   4,4   0:57,600 turtlesim+ 
 2905 pardus    20   0 1124848  89692  59432 D  73,3   4,4   0:57,710 turtlesim+ 
 2905 pardus    20   0 1124848  89692  59432 S  78,6   4,4   0:57,820 turtlesim+ 
 2905 pardus    20   0 1124848  89692  59432 S  73,3   4,4   0:57,930 turtlesim+ 
 2905 pardus    20   0 1124848  89692  59432 S  86,7   4,4   0:58,060 turtlesim+ 
 2905 pardus    20   0 1124848  89692  59432 S  56,2   4,4   0:58,150 turtlesim+ 
 2905 pardus    20   0 1124848  89692  59432 S  71,4   4,4   0:58,250 turtlesim+ 
 2905 pardus    20   0 1124848  89692  59432 R  64,3   4,4   0:58,340 turtlesim+ 
 2905 pardus    20   0 1124848  89692  59432 R  60,0   4,4   0:58,430 turtlesim+ 
 2905 pardus    20   0 1124848  89692  59432 R  66,7   4,4   0:58,530 turtlesim+ 
 2905 pardus    20   0 1124848  89692  59432 S  68,8   4,4   0:58,640 turtlesim+ 
 2905 pardus    20   0 1124848  89692  59432 S  66,7   4,4   0:58,740 turtlesim+ 
 2905 pardus    20   0 1124848  89692  59432 S  62,5   4,4   0:58,840 turtlesim+ 
 2905 pardus    20   0 1124848  89692  59432 R  58,8   4,4   0:58,940 turtlesim+ 
 2905 pardus    20   0 1124848  89692  59432 R  68,8   4,4   0:59,050 turtlesim+ 
 2905 pardus    20   0 1124848  89692  59432 S  53,3   4,4   0:59,130 turtlesim+ 
 2905 pardus    20   0 1124848  89692  59432 S  78,6   4,4   0:59,240 turtlesim+ 
 2905 pardus    20   0 1124848  89692  59432 R  62,5   4,4   0:59,340 turtlesim+ 
 2905 pardus    20   0 1124848  89692  59432 S  78,6   4,4   0:59,450 turtlesim+ 
 2905 pardus    20   0 1124848  89692  59432 S  66,7   4,4   0:59,550 turtlesim+ 
 2905 pardus    20   0 1124848  89692  59432 S  60,0   4,4   0:59,640 turtlesim+ 
 2905 pardus    20   0 1124848  89692  59432 S  56,2   4,4   0:59,730 turtlesim+ 
 2905 pardus    20   0 1124848  89692  59432 S  76,9   4,4   0:59,830 turtlesim+ 
 2905 pardus    20   0 1124848  89692  59432 S  50,0   4,4   0:59,910 turtlesim+ 
 2905 pardus    20   0 1124848  89692  59432 S  66,7   4,4   1:00,010 turtlesim+ 
 2905 pardus    20   0 1124848  89692  59432 R  56,2   4,4   1:00,100 turtlesim+ 
 2905 pardus    20   0 1124848  89692  59432 S  57,1   4,4   1:00,180 turtlesim+ 
 2905 pardus    20   0 1124848  89692  59432 S  57,1   4,4   1:00,260 turtlesim+ 
 2905 pardus    20   0 1124848  89692  59432 S  73,3   4,4   1:00,370 turtlesim+ 
 2905 pardus    20   0 1124848  89692  59432 R  62,5   4,4   1:00,470 turtlesim+ 
 2905 pardus    20   0 1124848  89692  59432 S  78,6   4,4   1:00,580 turtlesim+ 
 2905 pardus    20   0 1124848  89692  59432 S  60,0   4,4   1:00,670 turtlesim+ 
 2905 pardus    20   0 1124848  89692  59432 R  85,7   4,4   1:00,790 turtlesim+ 
 2905 pardus    20   0 1124848  89692  59432 R  57,1   4,4   1:00,870 turtlesim+ 
 2905 pardus    20   0 1124848  89692  59432 R  78,6   4,4   1:00,980 turtlesim+ 
 2905 pardus    20   0 1124848  89692  59432 R  80,0   4,4   1:01,100 turtlesim+ 
 2905 pardus    20   0 1124848  89692  59432 S  75,0   4,4   1:01,220 turtlesim+ 
 2905 pardus    20   0 1124848  89692  59432 S  52,9   4,4   1:01,310 turtlesim+ 
 2905 pardus    20   0 1124848  89692  59432 R  60,0   4,4   1:01,400 turtlesim+ 
 2905 pardus    20   0 1124848  89692  59432 R  53,3   4,4   1:01,480 turtlesim+ 
 2905 pardus    20   0 1124848  89692  59432 S  66,7   4,4   1:01,580 turtlesim+ 
 2905 pardus    20   0 1124848  89692  59432 R  73,3   4,4   1:01,690 turtlesim+ 
 2905 pardus    20   0 1124848  89692  59432 R  60,0   4,4   1:01,780 turtlesim+ 
 2905 pardus    20   0 1124848  89692  59432 S  66,7   4,4   1:01,880 turtlesim+ 
 2905 pardus    20   0 1124848  89692  59432 R  73,3   4,4   1:01,990 turtlesim+ 
 2905 pardus    20   0 1124848  89692  59432 R  56,2   4,4   1:02,080 turtlesim+ 
 2905 pardus    20   0 1124848  89692  59432 R  66,7   4,4   1:02,180 turtlesim+ 
 2905 pardus    20   0 1124848  89692  59432 S  61,5   4,4   1:02,260 turtlesim+ 
 2905 pardus    20   0 1124848  89692  59432 S  53,3   4,4   1:02,340 turtlesim+ 
 2905 pardus    20   0 1124848  89692  59432 R  60,0   4,4   1:02,430 turtlesim+ 
 2905 pardus    20   0 1124848  89692  59432 S  57,1   4,4   1:02,510 turtlesim+ 
 2905 pardus    20   0 1124848  89692  59432 S  71,4   4,4   1:02,610 turtlesim+ 
 2905 pardus    20   0 1124848  89692  59432 R  56,2   4,4   1:02,700 turtlesim+ 
 2905 pardus    20   0 1124848  89692  59432 R  71,4   4,4   1:02,800 turtlesim+ 
 2905 pardus    20   0 1124848  89692  59432 R  46,7   4,4   1:02,870 turtlesim+ 
 2905 pardus    20   0 1124848  89692  59432 S  76,9   4,4   1:02,970 turtlesim+ 
 2905 pardus    20   0 1124848  89692  59432 S  93,3   4,4   1:03,110 turtlesim+ 
 2905 pardus    20   0 1124848  89692  59432 R  55,6   4,4   1:03,210 turtlesim+ 
 2905 pardus    20   0 1124848  89692  59432 R  71,4   4,4   1:03,310 turtlesim+ 
 2905 pardus    20   0 1124848  89692  59432 S  78,6   4,4   1:03,420 turtlesim+ 
 2905 pardus    20   0 1124848  89692  59432 S  60,0   4,4   1:03,510 turtlesim+ 
 2905 pardus    20   0 1124848  89692  59432 R  66,7   4,4   1:03,610 turtlesim+ 
 2905 pardus    20   0 1124848  89692  59432 R  64,3   4,4   1:03,700 turtlesim+ 
 2905 pardus    20   0 1124848  89692  59432 S  60,0   4,4   1:03,790 turtlesim+ 
 2905 pardus    20   0 1124848  89692  59432 R  68,8   4,4   1:03,900 turtlesim+ 
 2905 pardus    20   0 1124848  89692  59432 S  75,0   4,4   1:04,020 turtlesim+ 
 2905 pardus    20   0 1124848  89692  59432 S  62,5   4,4   1:04,120 turtlesim+ 
 2905 pardus    20   0 1124848  89692  59432 S  64,3   4,4   1:04,210 turtlesim+ 
 2905 pardus    20   0 1124848  89692  59432 R  64,3   4,4   1:04,300 turtlesim+ 
 2905 pardus    20   0 1124848  89692  59432 R  78,6   4,4   1:04,410 turtlesim+ 
 2905 pardus    20   0 1124848  89692  59432 R  66,7   4,4   1:04,510 turtlesim+ 
 2905 pardus    20   0 1124848  89692  59432 S  71,4   4,4   1:04,610 turtlesim+ 
 2905 pardus    20   0 1124848  89692  59432 R  37,5   4,4   1:04,670 turtlesim+ 
 2905 pardus    20   0 1124848  89692  59432 R  78,6   4,4   1:04,780 turtlesim+ 
 2905 pardus    20   0 1124848  89692  59432 S  73,3   4,4   1:04,890 turtlesim+ 
 2905 pardus    20   0 1124848  89692  59432 S  60,0   4,4   1:04,980 turtlesim+ 
 2905 pardus    20   0 1124848  89692  59432 S  62,5   4,4   1:05,080 turtlesim+ 
 2905 pardus    20   0 1124848  89692  59432 S  66,7   4,4   1:05,180 turtlesim+ 
 2905 pardus    20   0 1124848  89692  59432 S  73,3   4,4   1:05,290 turtlesim+ 
 2905 pardus    20   0 1124848  89692  59432 R  66,7   4,4   1:05,390 turtlesim+ 
 2905 pardus    20   0 1124848  89692  59432 S  62,5   4,4   1:05,490 turtlesim+ 
 2905 pardus    20   0 1124848  89692  59432 S  61,5   4,4   1:05,570 turtlesim+ 
 2905 pardus    20   0 1124848  89692  59432 R  64,3   4,4   1:05,660 turtlesim+ 
 2905 pardus    20   0 1124848  89692  59432 R  71,4   4,4   1:05,760 turtlesim+ 
 2905 pardus    20   0 1124848  89692  59432 S  73,3   4,4   1:05,870 turtlesim+ 
 2905 pardus    20   0 1124848  89692  59432 S  40,0   4,4   1:05,930 turtlesim+ 
 2905 pardus    20   0 1124848  89692  59432 S  78,6   4,4   1:06,040 turtlesim+ 
 2905 pardus    20   0 1124848  89692  59432 R  78,6   4,4   1:06,150 turtlesim+ 
 2905 pardus    20   0 1124848  89692  59432 R  60,0   4,4   1:06,240 turtlesim+ 
 2905 pardus    20   0 1124848  89692  59432 R  56,2   4,4   1:06,330 turtlesim+ 
 2905 pardus    20   0 1124848  89692  59432 R  61,5   4,4   1:06,410 turtlesim+ 
 2905 pardus    20   0 1124848  89692  59432 R  53,3   4,4   1:06,490 turtlesim+ 
 2905 pardus    20   0 1124848  89692  59432 S  57,1   4,4   1:06,570 turtlesim+ 
 2905 pardus    20   0 1124848  89692  59432 S  50,0   4,4   1:06,640 turtlesim+ 
 2905 pardus    20   0 1124848  89692  59432 S  50,0   4,4   1:06,710 turtlesim+ 
 2905 pardus    20   0 1124848  89692  59432 S  64,3   4,4   1:06,800 turtlesim+ 
 2905 pardus    20   0 1124848  89692  59432 R  50,0   4,4   1:06,870 turtlesim+ 
 2905 pardus    20   0 1124848  89692  59432 R  61,5   4,4   1:06,950 turtlesim+ 
 2905 pardus    20   0 1124848  89692  59432 R  42,9   4,4   1:07,010 turtlesim+ 
 2905 pardus    20   0 1124848  89692  59432 S  46,2   4,4   1:07,070 turtlesim+ 
 2905 pardus    20   0 1124848  89692  59432 R  57,1   4,4   1:07,150 turtlesim+ 
 2905 pardus    20   0 1124848  89692  59432 S  46,7   4,4   1:07,220 turtlesim+ 
 2905 pardus    20   0 1124848  89692  59432 S  64,3   4,4   1:07,310 turtlesim+ 
 2905 pardus    20   0 1124848  89692  59432 S  57,1   4,4   1:07,390 turtlesim+ 
 2905 pardus    20   0 1124848  89692  59432 R  46,7   4,4   1:07,460 turtlesim+ 
 2905 pardus    20   0 1124848  89692  59432 S  57,1   4,4   1:07,540 turtlesim+ 
 2905 pardus    20   0 1124848  89692  59432 R  50,0   4,4   1:07,610 turtlesim+ 
 2905 pardus    20   0 1124848  89692  59432 S  50,0   4,4   1:07,680 turtlesim+ 
 2905 pardus    20   0 1124848  89692  59432 R  57,1   4,4   1:07,760 turtlesim+ 
 2905 pardus    20   0 1124848  89692  59432 S  66,7   4,4   1:07,860 turtlesim+ 
 2905 pardus    20   0 1124848  89692  59432 S  53,3   4,4   1:07,940 turtlesim+ 
 2905 pardus    20   0 1124848  89692  59432 R  57,1   4,4   1:08,020 turtlesim+ 
 2905 pardus    20   0 1124848  89692  59432 R  62,5   4,4   1:08,120 turtlesim+ 
 2905 pardus    20   0 1124848  89692  59432 R  50,0   4,4   1:08,200 turtlesim+ 
 2905 pardus    20   0 1124848  89692  59432 S  53,8   4,4   1:08,270 turtlesim+ 
 2905 pardus    20   0 1124848  89692  59432 R  50,0   4,4   1:08,340 turtlesim+ 
 2905 pardus    20   0 1124848  89692  59432 S  42,9   4,4   1:08,400 turtlesim+ 
 2905 pardus    20   0 1124848  89692  59432 S  57,1   4,4   1:08,480 turtlesim+ 
 2905 pardus    20   0 1124848  89692  59432 R  40,0   4,4   1:08,540 turtlesim+ 
 2905 pardus    20   0 1124848  89692  59432 S  57,1   4,4   1:08,620 turtlesim+ 
 2905 pardus    20   0 1124848  89692  59432 S  56,2   4,4   1:08,710 turtlesim+ 
 2905 pardus    20   0 1124848  89692  59432 R  40,0   4,4   1:08,770 turtlesim+ 
 2905 pardus    20   0 1124848  89692  59432 S  53,3   4,4   1:08,850 turtlesim+ 
 2905 pardus    20   0 1124848  89692  59432 R  40,0   4,4   1:08,910 turtlesim+ 
 2905 pardus    20   0 1124848  89692  59432 R  42,9   4,4   1:08,970 turtlesim+ 
 2905 pardus    20   0 1124848  89692  59432 R  69,2   4,4   1:09,060 turtlesim+ 
 2905 pardus    20   0 1124848  89692  59432 R  53,3   4,4   1:09,140 turtlesim+ 
 2905 pardus    20   0 1124848  89692  59432 S  56,2   4,4   1:09,230 turtlesim+ 
 2905 pardus    20   0 1124848  89692  59432 S  57,1   4,4   1:09,310 turtlesim+ 
 2905 pardus    20   0 1124848  89692  59432 R  53,3   4,4   1:09,390 turtlesim+ 
 2905 pardus    20   0 1124848  89692  59432 R  50,0   4,4   1:09,460 turtlesim+ 
 2905 pardus    20   0 1124848  89692  59432 R  50,0   4,4   1:09,530 turtlesim+ 
 2905 pardus    20   0 1124848  89692  59432 S  47,1   4,4   1:09,610 turtlesim+ 
 2905 pardus    20   0 1124848  89692  59432 S  40,0   4,4   1:09,670 turtlesim+ 
 2905 pardus    20   0 1124848  89692  59432 R  61,5   4,4   1:09,750 turtlesim+ 
 2905 pardus    20   0 1124848  89692  59432 S  53,3   4,4   1:09,830 turtlesim+ 
 2905 pardus    20   0 1124848  89692  59432 S  42,9   4,4   1:09,890 turtlesim+ 
 2905 pardus    20   0 1124848  89692  59432 S  42,9   4,4   1:09,950 turtlesim+ 
 2905 pardus    20   0 1124848  89692  59432 S  50,0   4,4   1:10,020 turtlesim+ 
 2905 pardus    20   0 1124848  89692  59432 S  57,1   4,4   1:10,100 turtlesim+ 
 2905 pardus    20   0 1124848  89692  59432 S  50,0   4,4   1:10,170 turtlesim+ 
 2905 pardus    20   0 1124848  89692  59432 R  60,0   4,4   1:10,260 turtlesim+ 
 2905 pardus    20   0 1124848  89692  59432 S  56,2   4,4   1:10,350 turtlesim+ 
 2905 pardus    20   0 1124848  89692  59432 S  37,5   4,4   1:10,410 turtlesim+ 
 2905 pardus    20   0 1124848  89692  59432 R  50,0   4,4   1:10,480 turtlesim+ 
 2905 pardus    20   0 1124848  89692  59432 S  69,2   4,4   1:10,570 turtlesim+ 
 2905 pardus    20   0 1124848  89692  59432 R  43,8   4,4   1:10,640 turtlesim+ 
 2905 pardus    20   0 1124848  89692  59432 R  64,3   4,4   1:10,730 turtlesim+ 
 2905 pardus    20   0 1124848  89692  59432 S  46,7   4,4   1:10,800 turtlesim+ 
 2905 pardus    20   0 1124848  89692  59432 S  40,0   4,4   1:10,860 turtlesim+ 
 2905 pardus    20   0 1124848  89692  59432 R  60,0   4,4   1:10,950 turtlesim+ 
 2905 pardus    20   0 1124848  89692  59432 R  57,1   4,4   1:11,030 turtlesim+ 
 2905 pardus    20   0 1124848  89692  59432 S  60,0   4,4   1:11,120 turtlesim+ 
 2905 pardus    20   0 1124848  89692  59432 R  50,0   4,4   1:11,200 turtlesim+ 
 2905 pardus    20   0 1124848  89692  59432 R  53,3   4,4   1:11,280 turtlesim+ 
 2905 pardus    20   0 1124848  89692  59432 S  50,0   4,4   1:11,350 turtlesim+ 
 2905 pardus    20   0 1124848  89692  59432 S  53,8   4,4   1:11,420 turtlesim+ 
 2905 pardus    20   0 1124848  89692  59432 S  60,0   4,4   1:11,510 turtlesim+ 
 2905 pardus    20   0 1124848  89692  59432 S  47,1   4,4   1:11,590 turtlesim+ 
 2905 pardus    20   0 1124848  89692  59432 S  46,7   4,4   1:11,660 turtlesim+ 
 2905 pardus    20   0 1124848  89692  59432 R  46,7   4,4   1:11,730 turtlesim+ 
 2905 pardus    20   0 1124848  89692  59432 S  57,1   4,4   1:11,810 turtlesim+ 
 2905 pardus    20   0 1124848  89692  59432 S  37,5   4,4   1:11,870 turtlesim+ 
 2905 pardus    20   0 1124848  89692  59432 S  50,0   4,4   1:11,940 turtlesim+ 
 2905 pardus    20   0 1124848  89692  59432 R  50,0   4,4   1:12,010 turtlesim+ 
 2905 pardus    20   0 1124848  89692  59432 R  57,1   4,4   1:12,090 turtlesim+ 
 2905 pardus    20   0 1124848  89692  59432 R  46,7   4,4   1:12,160 turtlesim+ 
 2905 pardus    20   0 1124848  89692  59432 R  57,1   4,4   1:12,240 turtlesim+ 
 2905 pardus    20   0 1124848  89692  59432 S  61,5   4,4   1:12,320 turtlesim+ 
 2905 pardus    20   0 1124848  89692  59432 S  50,0   4,4   1:12,390 turtlesim+ 
 2905 pardus    20   0 1124848  89692  59432 S  40,0   4,4   1:12,450 turtlesim+ 
 2905 pardus    20   0 1124848  89692  59432 R  57,1   4,4   1:12,530 turtlesim+ 
 2905 pardus    20   0 1124848  89692  59432 S  50,0   4,4   1:12,610 turtlesim+ 
 2905 pardus    20   0 1124848  89692  59432 R  57,1   4,4   1:12,690 turtlesim+ 
 2905 pardus    20   0 1124848  89692  59432 S  46,7   4,4   1:12,760 turtlesim+ 
 2905 pardus    20   0 1124848  89692  59432 S  57,1   4,4   1:12,840 turtlesim+ 
 2905 pardus    20   0 1124848  89692  59432 S  60,0   4,4   1:12,930 turtlesim+ 
 2905 pardus    20   0 1124848  89692  59432 S  50,0   4,4   1:13,000 turtlesim+ 
 2905 pardus    20   0 1124848  89692  59432 R  50,0   4,4   1:13,080 turtlesim+ 
 2905 pardus    20   0 1124848  89692  59432 S  42,9   4,4   1:13,140 turtlesim+ 
 2905 pardus    20   0 1124848  89692  59432 R  50,0   4,4   1:13,210 turtlesim+ 
 2905 pardus    20   0 1124848  89692  59432 S  46,7   4,4   1:13,280 turtlesim+ 
 2905 pardus    20   0 1124848  89692  59432 S  64,3   4,4   1:13,370 turtlesim+ 
 2905 pardus    20   0 1124848  89692  59432 R  37,5   4,4   1:13,430 turtlesim+ 
 2905 pardus    20   0 1124848  89692  59432 S  57,1   4,4   1:13,510 turtlesim+ 
 2905 pardus    20   0 1124848  89692  59432 R  61,5   4,4   1:13,590 turtlesim+ 
 2905 pardus    20   0 1124848  89692  59432 S  60,0   4,4   1:13,680 turtlesim+ 
 2905 pardus    20   0 1124848  89692  59432 R  47,1   4,4   1:13,760 turtlesim+ 
 2905 pardus    20   0 1124848  89692  59432 S  43,8   4,4   1:13,830 turtlesim+ 
 2905 pardus    20   0 1124848  89692  59432 R  53,8   4,4   1:13,900 turtlesim+ 
 2905 pardus    20   0 1124848  89692  59432 S  50,0   4,4   1:13,970 turtlesim+ 
 2905 pardus    20   0 1124848  89692  59432 S  50,0   4,4   1:14,050 turtlesim+ 
 2905 pardus    20   0 1124848  89692  59432 S  46,7   4,4   1:14,120 turtlesim+ 
 2905 pardus    20   0 1124848  89692  59432 R  57,1   4,4   1:14,200 turtlesim+ 
 2905 pardus    20   0 1124848  89692  59432 R  50,0   4,4   1:14,270 turtlesim+ 
 2905 pardus    20   0 1124848  89692  59432 R  60,0   4,4   1:14,360 turtlesim+ 
 2905 pardus    20   0 1124848  89692  59432 R  46,7   4,4   1:14,430 turtlesim+ 
 2905 pardus    20   0 1124848  89692  59432 S  71,4   4,4   1:14,530 turtlesim+ 
 2905 pardus    20   0 1124848  89692  59432 S  37,5   4,4   1:14,590 turtlesim+ 
 2905 pardus    20   0 1124848  89692  59432 S  42,9   4,4   1:14,650 turtlesim+ 
 2905 pardus    20   0 1124848  89692  59432 S  57,1   4,4   1:14,730 turtlesim+ 
 2905 pardus    20   0 1124848  89692  59432 S  60,0   4,4   1:14,820 turtlesim+ 
 2905 pardus    20   0 1124848  89692  59432 S  46,7   4,4   1:14,890 turtlesim+ 
 2905 pardus    20   0 1124848  89692  59432 R  53,3   4,4   1:14,970 turtlesim+ 
 2905 pardus    20   0 1124848  89692  59432 S  50,0   4,4   1:15,050 turtlesim+ 
 2905 pardus    20   0 1124848  89692  59432 S  50,0   4,4   1:15,120 turtlesim+ 
 2905 pardus    20   0 1124848  89692  59432 R  43,8   4,4   1:15,190 turtlesim+ 
 2905 pardus    20   0 1124848  89692  59432 S  42,9   4,4   1:15,250 turtlesim+ 
 2905 pardus    20   0 1124848  89692  59432 R  53,3   4,4   1:15,330 turtlesim+ 
 2905 pardus    20   0 1124848  89692  59432 R  50,0   4,4   1:15,410 turtlesim+ 
 2905 pardus    20   0 1124848  89692  59432 S  50,0   4,4   1:15,480 turtlesim+ 
 2905 pardus    20   0 1124848  89692  59432 R  53,3   4,4   1:15,560 turtlesim+ 
 2905 pardus    20   0 1124848  89692  59432 S  57,1   4,4   1:15,640 turtlesim+ 
 2905 pardus    20   0 1124848  89692  59432 R  47,1   4,4   1:15,720 turtlesim+ 
 2905 pardus    20   0 1124848  89692  59432 R  57,1   4,4   1:15,800 turtlesim+ 
 2905 pardus    20   0 1124848  89692  59432 R  53,3   4,4   1:15,880 turtlesim+ 
 2905 pardus    20   0 1124848  89692  59432 R  40,0   4,4   1:15,940 turtlesim+ 
 2905 pardus    20   0 1124848  89692  59432 R  53,8   4,4   1:16,010 turtlesim+ 
 2905 pardus    20   0 1124848  89692  59432 R  46,7   4,4   1:16,080 turtlesim+ 
 2905 pardus    20   0 1124848  89692  59432 S  64,3   4,4   1:16,170 turtlesim+ 
 2905 pardus    20   0 1124848  89692  59432 R  53,3   4,4   1:16,250 turtlesim+ 
 2905 pardus    20   0 1124848  89692  59432 S  38,5   4,4   1:16,300 turtlesim+ 
 2905 pardus    20   0 1124848  89692  59432 S  64,3   4,4   1:16,390 turtlesim+ 
 2905 pardus    20   0 1124848  89692  59432 S  50,0   4,4   1:16,470 turtlesim+ 
 2905 pardus    20   0 1124848  89692  59432 S  53,3   4,4   1:16,550 turtlesim+ 
 2905 pardus    20   0 1124848  89692  59432 S  46,7   4,4   1:16,620 turtlesim+ 
 2905 pardus    20   0 1124848  89692  59432 R  42,9   4,4   1:16,680 turtlesim+ 
 2905 pardus    20   0 1124848  89692  59432 S  64,3   4,4   1:16,770 turtlesim+ 
 2905 pardus    20   0 1124848  89692  59432 R  42,9   4,4   1:16,830 turtlesim+ 
 2905 pardus    20   0 1124848  89692  59432 R  57,1   4,4   1:16,910 turtlesim+ 
 2905 pardus    20   0 1124848  89692  59432 S  46,7   4,4   1:16,980 turtlesim+ 
 2905 pardus    20   0 1124848  89692  59432 R  50,0   4,4   1:17,050 turtlesim+ 
 2905 pardus    20   0 1124848  89692  59432 R  64,3   4,4   1:17,140 turtlesim+ 
 2905 pardus    20   0 1124848  89692  59432 S  57,1   4,4   1:17,220 turtlesim+ 
 2905 pardus    20   0 1124848  89692  59432 S  50,0   4,4   1:17,300 turtlesim+ 
 2905 pardus    20   0 1124848  89692  59432 R  42,9   4,4   1:17,360 turtlesim+ 
 2905 pardus    20   0 1124848  89692  59432 R  57,1   4,4   1:17,440 turtlesim+ 
 2905 pardus    20   0 1124848  89692  59432 R  53,3   4,4   1:17,520 turtlesim+ 
 2905 pardus    20   0 1124848  89692  59432 S  50,0   4,4   1:17,590 turtlesim+ 
 2905 pardus    20   0 1124848  89692  59432 R  50,0   4,4   1:17,670 turtlesim+ 
 2905 pardus    20   0 1124848  89692  59432 R  42,9   4,4   1:17,730 turtlesim+ 
 2905 pardus    20   0 1124848  89692  59432 S  50,0   4,4   1:17,800 turtlesim+ 
 2905 pardus    20   0 1124848  89692  59432 R  53,3   4,4   1:17,880 turtlesim+ 
 2905 pardus    20   0 1124848  89692  59432 S  69,2   4,4   1:17,970 turtlesim+ 
 2905 pardus    20   0 1124848  89692  59432 R  47,1   4,4   1:18,050 turtlesim+ 
 2905 pardus    20   0 1124848  89692  59432 S  60,0   4,4   1:18,140 turtlesim+ 
 2905 pardus    20   0 1124848  89692  59432 S  64,3   4,4   1:18,230 turtlesim+ 
 2905 pardus    20   0 1124848  89692  59432 S  37,5   4,4   1:18,290 turtlesim+ 
 2905 pardus    20   0 1124848  89692  59432 R  60,0   4,4   1:18,380 turtlesim+ 
 2905 pardus    20   0 1124848  89692  59432 S  50,0   4,4   1:18,450 turtlesim+ 
 2905 pardus    20   0 1124848  89692  59432 S  50,0   4,4   1:18,520 turtlesim+ 
 2905 pardus    20   0 1124848  89692  59432 R  57,1   4,4   1:18,600 turtlesim+ 
 2905 pardus    20   0 1124848  89692  59432 S  50,0   4,4   1:18,670 turtlesim+ 
 2905 pardus    20   0 1124848  89692  59432 S  50,0   4,4   1:18,740 turtlesim+ 
 2905 pardus    20   0 1124848  89692  59432 R  57,1   4,4   1:18,820 turtlesim+ 
 2905 pardus    20   0 1124848  89692  59432 S  50,0   4,4   1:18,890 turtlesim+ 
 2905 pardus    20   0 1124848  89692  59432 S  46,7   4,4   1:18,960 turtlesim+ 
 2905 pardus    20   0 1124848  89692  59432 R  57,1   4,4   1:19,040 turtlesim+ 
 2905 pardus    20   0 1124848  89692  59432 R  33,3   4,4   1:19,090 turtlesim+ 
 2905 pardus    20   0 1124848  89692  59432 R  57,1   4,4   1:19,170 turtlesim+ 
 2905 pardus    20   0 1124848  89692  59432 R  57,1   4,4   1:19,250 turtlesim+ 
 2905 pardus    20   0 1124848  89692  59432 S  57,1   4,4   1:19,330 turtlesim+ 
 2905 pardus    20   0 1124848  89692  59432 S  57,1   4,4   1:19,410 turtlesim+ 
 2905 pardus    20   0 1124848  89692  59432 S  43,8   4,4   1:19,480 turtlesim+ 
 2905 pardus    20   0 1124848  89692  59432 S  53,8   4,4   1:19,550 turtlesim+ 
 2905 pardus    20   0 1124848  89692  59432 S  56,2   4,4   1:19,640 turtlesim+ 
 2905 pardus    20   0 1124848  89692  59432 S  50,0   4,4   1:19,710 turtlesim+ 
 2905 pardus    20   0 1124848  89692  59432 R  57,1   4,4   1:19,790 turtlesim+ 
 2905 pardus    20   0 1124848  89692  59432 R  50,0   4,4   1:19,860 turtlesim+ 
 2905 pardus    20   0 1124848  89692  59432 S  50,0   4,4   1:19,940 turtlesim+ 
 2905 pardus    20   0 1124848  89692  59432 R  53,3   4,4   1:20,020 turtlesim+ 
 2905 pardus    20   0 1124848  89692  59432 S  64,3   4,4   1:20,110 turtlesim+ 
 2905 pardus    20   0 1124848  89692  59432 R  46,7   4,4   1:20,180 turtlesim+ 
 2905 pardus    20   0 1124848  89692  59432 S  53,3   4,4   1:20,260 turtlesim+ 
 2905 pardus    20   0 1124848  89692  59432 R  64,3   4,4   1:20,350 turtlesim+ 
 2905 pardus    20   0 1124848  89692  59432 S  53,3   4,4   1:20,430 turtlesim+ 
 2905 pardus    20   0 1124848  89692  59432 R  46,7   4,4   1:20,500 turtlesim+ 
 2905 pardus    20   0 1124848  89692  59432 S  69,2   4,4   1:20,590 turtlesim+ 
 2905 pardus    20   0 1124848  89692  59432 R  50,0   4,4   1:20,670 turtlesim+ 
 2905 pardus    20   0 1124848  89692  59432 R  46,7   4,4   1:20,740 turtlesim+ 
 2905 pardus    20   0 1124848  89692  59432 S  46,7   4,4   1:20,810 turtlesim+ 
 2905 pardus    20   0 1124848  89692  59432 S  53,8   4,4   1:20,880 turtlesim+ 
 2905 pardus    20   0 1124848  89692  59432 S  46,7   4,4   1:20,950 turtlesim+ 
 2905 pardus    20   0 1124848  89692  59432 R  53,3   4,4   1:21,030 turtlesim+ 
 2905 pardus    20   0 1124848  89692  59432 R  60,0   4,4   1:21,120 turtlesim+ 
 2905 pardus    20   0 1124848  89692  59432 S  46,7   4,4   1:21,190 turtlesim+ 
 2905 pardus    20   0 1124848  89692  59432 R  50,0   4,4   1:21,260 turtlesim+ 
 2905 pardus    20   0 1124848  89692  59432 S  61,5   4,4   1:21,340 turtlesim+ 
 2905 pardus    20   0 1124848  89692  59432 S  50,0   4,4   1:21,410 turtlesim+ 
 2905 pardus    20   0 1124848  89692  59432 R  43,8   4,4   1:21,480 turtlesim+ 
 2905 pardus    20   0 1124848  89692  59432 R  69,2   4,4   1:21,570 turtlesim+ 
 2905 pardus    20   0 1124848  89692  59432 R  43,8   4,4   1:21,640 turtlesim+ 
 2905 pardus    20   0 1124848  89692  59432 S  61,5   4,4   1:21,720 turtlesim+ 
 2905 pardus    20   0 1124848  89692  59432 S  46,7   4,4   1:21,790 turtlesim+ 
 2905 pardus    20   0 1124848  89692  59432 R  50,0   4,4   1:21,860 turtlesim+ 
 2905 pardus    20   0 1124848  89692  59432 R  61,5   4,4   1:21,940 turtlesim+ 
 2905 pardus    20   0 1124848  89692  59432 S  42,9   4,4   1:22,000 turtlesim+ 
 2905 pardus    20   0 1124848  89692  59432 S  57,1   4,4   1:22,080 turtlesim+ 
 2905 pardus    20   0 1124848  89692  59432 R  50,0   4,4   1:22,150 turtlesim+ 
 2905 pardus    20   0 1124848  89692  59432 S  60,0   4,4   1:22,240 turtlesim+ 
 2905 pardus    20   0 1124848  89692  59432 S  50,0   4,4   1:22,310 turtlesim+ 
 2905 pardus    20   0 1124848  89692  59432 S  50,0   4,4   1:22,380 turtlesim+ 
 2905 pardus    20   0 1124848  89692  59432 R  64,3   4,4   1:22,470 turtlesim+ 
 2905 pardus    20   0 1124848  89692  59432 R  46,7   4,4   1:22,540 turtlesim+ 
 2905 pardus    20   0 1124848  89692  59432 R  57,1   4,4   1:22,620 turtlesim+ 
 2905 pardus    20   0 1124848  89692  59432 S  60,0   4,4   1:22,710 turtlesim+ 
 2905 pardus    20   0 1124848  89692  59432 R  50,0   4,4   1:22,780 turtlesim+ 
 2905 pardus    20   0 1124848  89692  59432 S  46,7   4,4   1:22,850 turtlesim+ 
 2905 pardus    20   0 1124848  89692  59432 S  57,1   4,4   1:22,930 turtlesim+ 
 2905 pardus    20   0 1124848  89692  59432 S  53,3   4,4   1:23,010 turtlesim+ 
 2905 pardus    20   0 1124848  89692  59432 S  61,5   4,4   1:23,090 turtlesim+ 
 2905 pardus    20   0 1124848  89692  59432 R  60,0   4,4   1:23,180 turtlesim+ 
 2905 pardus    20   0 1124848  89692  59432 S  46,7   4,4   1:23,250 turtlesim+ 
 2905 pardus    20   0 1124848  89692  59432 R  53,8   4,4   1:23,320 turtlesim+ 
 2905 pardus    20   0 1124848  89692  59432 S  57,1   4,4   1:23,400 turtlesim+ 
 2905 pardus    20   0 1124848  89692  59432 R  46,7   4,4   1:23,470 turtlesim+ 
 2905 pardus    20   0 1124848  89692  59432 R  50,0   4,4   1:23,540 turtlesim+ 
 2905 pardus    20   0 1124848  89692  59432 S  50,0   4,4   1:23,610 turtlesim+ 
 2905 pardus    20   0 1124848  89692  59432 R  50,0   4,4   1:23,680 turtlesim+ 
 2905 pardus    20   0 1124848  89692  59432 S  53,3   4,4   1:23,760 turtlesim+ 
 2905 pardus    20   0 1124848  89692  59432 S  53,3   4,4   1:23,840 turtlesim+ 
 2905 pardus    20   0 1124848  89692  59432 S  42,9   4,4   1:23,900 turtlesim+ 
 2905 pardus    20   0 1124848  89692  59432 S  64,3   4,4   1:23,990 turtlesim+ 
 2905 pardus    20   0 1124848  89692  59432 R  57,1   4,4   1:24,070 turtlesim+ 
 2905 pardus    20   0 1124848  89692  59432 R  46,7   4,4   1:24,140 turtlesim+ 
 2905 pardus    20   0 1124848  89692  59432 R  64,3   4,4   1:24,230 turtlesim+ 
 2905 pardus    20   0 1124848  89692  59432 R  56,2   4,4   1:24,320 turtlesim+ 
 2905 pardus    20   0 1124848  89692  59432 R  40,0   4,4   1:24,380 turtlesim+ 
 2905 pardus    20   0 1124848  89692  59432 S  53,3   4,4   1:24,460 turtlesim+ 
 2905 pardus    20   0 1124848  89692  59432 R  40,0   4,4   1:24,520 turtlesim+ 
 2905 pardus    20   0 1124848  89692  59432 S  71,4   4,4   1:24,620 turtlesim+ 
 2905 pardus    20   0 1124848  89692  59432 R  43,8   4,4   1:24,690 turtlesim+ 
 2905 pardus    20   0 1124848  89692  59432 S  64,3   4,4   1:24,780 turtlesim+ 
 2905 pardus    20   0 1124848  89692  59432 R  46,7   4,4   1:24,850 turtlesim+ 
 2905 pardus    20   0 1124848  89692  59432 S  46,7   4,4   1:24,920 turtlesim+ 
 2905 pardus    20   0 1124848  89692  59432 R  37,5   4,4   1:24,980 turtlesim+ 
 2905 pardus    20   0 1124848  89692  59432 R  60,0   4,4   1:25,070 turtlesim+ 
 2905 pardus    20   0 1124848  89692  59432 S  46,7   4,4   1:25,140 turtlesim+ 
 2905 pardus    20   0 1124848  89692  59432 R  46,2   4,4   1:25,200 turtlesim+ 
 2905 pardus    20   0 1124848  89692  59432 R  50,0   4,4   1:25,270 turtlesim+ 
 2905 pardus    20   0 1124848  89692  59432 R  46,7   4,4   1:25,340 turtlesim+ 
 2905 pardus    20   0 1124848  89692  59432 R  46,7   4,4   1:25,410 turtlesim+ 
 2905 pardus    20   0 1124848  89692  59432 S  50,0   4,4   1:25,490 turtlesim+ 
 2905 pardus    20   0 1124848  89692  59432 S  46,7   4,4   1:25,560 turtlesim+ 
 2905 pardus    20   0 1124848  89692  59432 R  50,0   4,4   1:25,630 turtlesim+ 
 2905 pardus    20   0 1124848  89692  59432 S  42,9   4,4   1:25,690 turtlesim+ 
 2905 pardus    20   0 1124848  89692  59432 S  50,0   4,4   1:25,760 turtlesim+ 
 2905 pardus    20   0 1124848  89692  59432 R  46,7   4,4   1:25,830 turtlesim+ 
 2905 pardus    20   0 1124848  89692  59432 S  50,0   4,4   1:25,900 turtlesim+ 
 2905 pardus    20   0 1124848  89692  59432 R  46,7   4,4   1:25,970 turtlesim+ 
 2905 pardus    20   0 1124848  89692  59432 R  50,0   4,4   1:26,040 turtlesim+ 
 2905 pardus    20   0 1124848  89692  59432 R  53,3   4,4   1:26,120 turtlesim+ 
 2905 pardus    20   0 1124848  89692  59432 R  40,0   4,4   1:26,180 turtlesim+ 
 2905 pardus    20   0 1124848  89692  59432 R  57,1   4,4   1:26,260 turtlesim+ 
 2905 pardus    20   0 1124848  89692  59432 S  40,0   4,4   1:26,320 turtlesim+ 
 2905 pardus    20   0 1124848  89692  59432 S  64,3   4,4   1:26,410 turtlesim+ 
 2905 pardus    20   0 1124848  89692  59432 R  37,5   4,4   1:26,470 turtlesim+ 
 2905 pardus    20   0 1124848  89692  59432 R  64,3   4,4   1:26,560 turtlesim+ 
 2905 pardus    20   0 1124848  89692  59432 S  40,0   4,4   1:26,620 turtlesim+ 
 2905 pardus    20   0 1124848  89692  59432 S  50,0   4,4   1:26,690 turtlesim+ 
 2905 pardus    20   0 1124848  89692  59432 S  35,7   4,4   1:26,740 turtlesim+ 
 2905 pardus    20   0 1124848  89692  59432 S  35,7   4,4   1:26,790 turtlesim+ 
 2905 pardus    20   0 1124848  89692  59432 S  25,0   4,4   1:26,830 turtlesim+ 
 2905 pardus    20   0 1124848  89692  59432 R  35,7   4,4   1:26,880 turtlesim+ 
 2905 pardus    20   0 1124848  89692  59432 S  50,0   4,4   1:26,950 turtlesim+ 
 2905 pardus    20   0 1124848  89692  59432 S  35,7   4,4   1:27,000 turtlesim+ 
 2905 pardus    20   0 1124848  89692  59432 S  23,1   4,4   1:27,030 turtlesim+ 
 2905 pardus    20   0 1124848  89692  59432 S  33,3   4,4   1:27,080 turtlesim+ 
 2905 pardus    20   0 1124848  89692  59432 R  38,5   4,4   1:27,130 turtlesim+ 
 2905 pardus    20   0 1124848  89692  59432 S  35,7   4,4   1:27,180 turtlesim+ 
 2905 pardus    20   0 1124848  89692  59432 S  23,1   4,4   1:27,210 turtlesim+ 
 2905 pardus    20   0 1124848  89692  59432 S  35,7   4,4   1:27,260 turtlesim+ 
 2905 pardus    20   0 1124848  89692  59432 S  35,7   4,4   1:27,310 turtlesim+ 
 2905 pardus    20   0 1124848  89692  59432 S  30,8   4,4   1:27,350 turtlesim+ 
 2905 pardus    20   0 1124848  89692  59432 S  28,6   4,4   1:27,390 turtlesim+ 
 2905 pardus    20   0 1124848  89692  59432 S  23,1   4,4   1:27,420 turtlesim+ 
 2905 pardus    20   0 1124848  89692  59432 S   6,7   4,4   1:27,430 turtlesim+ 
 2905 pardus    20   0 1124848  89692  59432 S   7,1   4,4   1:27,440 turtlesim+ 
 2905 pardus    20   0 1124848  89692  59432 S   7,7   4,4   1:27,450 turtlesim+ 
 2905 pardus    20   0 1124848  89692  59432 S   7,7   4,4   1:27,460 turtlesim+ 
 2905 pardus    20   0 1124848  89692  59432 S   6,7   4,4   1:27,470 turtlesim+ 
 2905 pardus    20   0 1124848  89692  59432 S   7,7   4,4   1:27,480 turtlesim+ 
 2905 pardus    20   0 1124848  89692  59432 S   7,7   4,4   1:27,490 turtlesim+ 
 2905 pardus    20   0 1124848  89692  59432 S   7,1   4,4   1:27,500 turtlesim+ 
 2905 pardus    20   0 1124848  89692  59432 S   7,7   4,4   1:27,510 turtlesim+ 
 2905 pardus    20   0 1124848  89692  59432 S   7,1   4,4   1:27,520 turtlesim+ 
 2905 pardus    20   0 1124848  89692  59432 S   7,7   4,4   1:27,530 turtlesim+ 
 2905 pardus    20   0 1124848  89692  59432 S   7,7   4,4   1:27,540 turtlesim+ 
 2905 pardus    20   0 1124848  89692  59432 S   7,7   4,4   1:27,550 turtlesim+ 
 2905 pardus    20   0 1124848  89692  59432 S   7,7   4,4   1:27,560 turtlesim+ 
 2905 pardus    20   0 1124848  89692  59432 S   7,1   4,4   1:27,570 turtlesim+ 
 2905 pardus    20   0 1124848  89692  59432 S   7,7   4,4   1:27,580 turtlesim+ 
 2905 pardus    20   0 1124848  89692  59432 S   7,7   4,4   1:27,590 turtlesim+ 
 2905 pardus    20   0 1124848  89692  59432 S   7,7   4,4   1:27,600 turtlesim+ 
 2905 pardus    20   0 1124848  89692  59432 S   7,7   4,4   1:27,610 turtlesim+ 
 2905 pardus    20   0 1124848  89692  59432 S   7,1   4,4   1:27,620 turtlesim+ 

