 3143 pardus    20   0 1124768  91320  59004 S  61,5   0,5   0:00,090 turtlesim+ 
 3143 pardus    20   0 1124768  91320  59004 S 100,0   1,4   0:00,210 turtlesim+ 
 3143 pardus    20   0 1124768  91320  59004 S 100,0   1,4   0:00,340 turtlesim+ 
 3143 pardus    20   0 1124768  91320  59004 S  91,7   1,8   0:00,450 turtlesim+ 
 3143 pardus    20   0 1124768  91320  59004 S 100,0   1,9   0:00,580 turtlesim+ 
 3143 pardus    20   0 1124768  91320  59004 S 100,0   2,0   0:00,700 turtlesim+ 
 3143 pardus    20   0 1124768  91320  59004 S 100,0   2,1   0:00,830 turtlesim+ 
 3143 pardus    20   0 1124768  91320  59004 S 100,0   2,2   0:00,950 turtlesim+ 
 3143 pardus    20   0 1124768  91320  59004 S  84,6   2,3   0:01,060 turtlesim+ 
 3143 pardus    20   0 1124768  91320  59004 S  91,7   3,0   0:01,170 turtlesim+ 
 3143 pardus    20   0 1124768  91320  59004 S  75,0   3,2   0:01,260 turtlesim+ 
 3143 pardus    20   0 1124768  91320  59004 S  53,8   3,7   0:01,330 turtlesim+ 
 3143 pardus    20   0 1124768  91320  59004 S 100,0   3,8   0:01,450 turtlesim+ 
 3143 pardus    20   0 1124768  91320  59004 S 108,3   3,8   0:01,580 turtlesim+ 
 3143 pardus    20   0 1124768  91320  59004 S 100,0   3,8   0:01,700 turtlesim+ 
 3143 pardus    20   0 1124768  91320  59004 S 100,0   3,8   0:01,830 turtlesim+ 
 3143 pardus    20   0 1124768  91320  59004 S  76,9   4,5   0:01,930 turtlesim+ 
 3143 pardus    20   0 1124768  91320  59004 S  25,0   4,6   0:01,960 turtlesim+ 
 3143 pardus    20   0 1124768  91320  59004 S   6,7   4,6   0:01,970 turtlesim+ 
 3143 pardus    20   0 1124768  91320  59004 S   7,7   4,6   0:01,980 turtlesim+ 
 3143 pardus    20   0 1124768  91320  59004 S   8,3   4,6   0:01,990 turtlesim+ 
 3143 pardus    20   0 1124768  91320  59004 S   7,7   4,6   0:02,000 turtlesim+ 
 3143 pardus    20   0 1124768  91320  59004 S   7,7   4,6   0:02,010 turtlesim+ 
 3143 pardus    20   0 1124768  91320  59004 S   8,3   4,6   0:02,020 turtlesim+ 
 3143 pardus    20   0 1124768  91320  59004 S   7,7   4,6   0:02,030 turtlesim+ 
 3143 pardus    20   0 1124768  91320  59004 S  16,7   4,6   0:02,050 turtlesim+ 
 3143 pardus    20   0 1124768  91320  59004 S   7,7   4,6   0:02,060 turtlesim+ 
 3143 pardus    20   0 1124768  91320  59004 S   8,3   4,6   0:02,070 turtlesim+ 
 3143 pardus    20   0 1124768  91320  59004 S   8,3   4,6   0:02,080 turtlesim+ 
 3143 pardus    20   0 1124768  91320  59004 S   7,7   4,6   0:02,090 turtlesim+ 
 3143 pardus    20   0 1124768  91320  59004 S   8,3   4,6   0:02,100 turtlesim+ 
 3143 pardus    20   0 1124768  91320  59004 S   7,7   4,6   0:02,110 turtlesim+ 
 3143 pardus    20   0 1124768  91320  59004 S   8,3   4,6   0:02,120 turtlesim+ 
 3143 pardus    20   0 1124768  91320  59004 S   7,7   4,6   0:02,130 turtlesim+ 
 3143 pardus    20   0 1124768  91320  59004 S   8,3   4,6   0:02,140 turtlesim+ 
 3143 pardus    20   0 1124768  91320  59004 S   8,3   4,6   0:02,150 turtlesim+ 
 3143 pardus    20   0 1124768  91320  59004 S   8,3   4,6   0:02,160 turtlesim+ 
 3143 pardus    20   0 1124768  91320  59004 S   8,3   4,6   0:02,170 turtlesim+ 
 3143 pardus    20   0 1124768  91320  59004 S   8,3   4,6   0:02,180 turtlesim+ 
 3143 pardus    20   0 1124768  91320  59004 S   8,3   4,6   0:02,190 turtlesim+ 
 3143 pardus    20   0 1124768  91320  59004 S   8,3   4,6   0:02,200 turtlesim+ 
 3143 pardus    20   0 1124768  91320  59004 S   7,7   4,6   0:02,210 turtlesim+ 
 3143 pardus    20   0 1124768  91320  59004 S   8,3   4,6   0:02,220 turtlesim+ 
 3143 pardus    20   0 1124768  91320  59004 S   7,7   4,6   0:02,230 turtlesim+ 
 3143 pardus    20   0 1124768  91320  59004 S   8,3   4,6   0:02,240 turtlesim+ 
 3143 pardus    20   0 1124768  91320  59004 S   7,7   4,6   0:02,250 turtlesim+ 
 3143 pardus    20   0 1124768  91320  59004 S  16,7   4,6   0:02,270 turtlesim+ 
 3143 pardus    20   0 1124768  91320  59004 S   8,3   4,6   0:02,280 turtlesim+ 
 3143 pardus    20   0 1124768  91320  59004 S   7,7   4,6   0:02,290 turtlesim+ 
 3143 pardus    20   0 1124768  91320  59004 S   8,3   4,6   0:02,300 turtlesim+ 
 3143 pardus    20   0 1124768  91320  59004 S   8,3   4,6   0:02,310 turtlesim+ 
 3143 pardus    20   0 1124768  91320  59004 S   8,3   4,6   0:02,320 turtlesim+ 
 3143 pardus    20   0 1124768  91320  59004 S   7,7   4,6   0:02,330 turtlesim+ 
 3143 pardus    20   0 1124768  91320  59004 S   8,3   4,6   0:02,340 turtlesim+ 
 3143 pardus    20   0 1124768  91320  59004 S   7,7   4,6   0:02,350 turtlesim+ 
 3143 pardus    20   0 1124768  91320  59004 S   8,3   4,6   0:02,360 turtlesim+ 
 3143 pardus    20   0 1124768  91320  59004 S   8,3   4,6   0:02,370 turtlesim+ 
 3143 pardus    20   0 1124768  91320  59004 S   7,7   4,6   0:02,380 turtlesim+ 
 3143 pardus    20   0 1124768  91320  59004 S   7,7   4,6   0:02,390 turtlesim+ 
 3143 pardus    20   0 1124768  91320  59004 S   8,3   4,6   0:02,400 turtlesim+ 
 3143 pardus    20   0 1124768  91320  59004 S   7,7   4,6   0:02,410 turtlesim+ 
 3143 pardus    20   0 1124768  91320  59004 S   7,7   4,6   0:02,420 turtlesim+ 
 3143 pardus    20   0 1124768  91320  59004 S   7,7   4,6   0:02,430 turtlesim+ 
 3143 pardus    20   0 1124768  91320  59004 S   7,7   4,6   0:02,440 turtlesim+ 
 3143 pardus    20   0 1124768  91320  59004 S   7,7   4,6   0:02,450 turtlesim+ 
 3143 pardus    20   0 1124768  91320  59004 S   7,7   4,6   0:02,460 turtlesim+ 
 3143 pardus    20   0 1124768  91320  59004 S  15,4   4,6   0:02,480 turtlesim+ 
 3143 pardus    20   0 1124768  91320  59004 S   7,7   4,6   0:02,490 turtlesim+ 
 3143 pardus    20   0 1124768  91320  59004 S   8,3   4,6   0:02,500 turtlesim+ 
 3143 pardus    20   0 1124768  91320  59004 S   7,7   4,6   0:02,510 turtlesim+ 
 3143 pardus    20   0 1124768  91320  59004 S   8,3   4,6   0:02,520 turtlesim+ 
 3143 pardus    20   0 1124768  91320  59004 S   7,1   4,6   0:02,530 turtlesim+ 
 3143 pardus    20   0 1124768  91320  59004 S   8,3   4,6   0:02,540 turtlesim+ 
 3143 pardus    20   0 1124768  91320  59004 S   7,7   4,6   0:02,550 turtlesim+ 
 3143 pardus    20   0 1124768  91320  59004 S   8,3   4,6   0:02,560 turtlesim+ 
 3143 pardus    20   0 1124768  91320  59004 S   7,7   4,6   0:02,570 turtlesim+ 
 3143 pardus    20   0 1124768  91320  59004 S   8,3   4,6   0:02,580 turtlesim+ 
 3143 pardus    20   0 1124768  91320  59004 S   7,7   4,6   0:02,590 turtlesim+ 
 3143 pardus    20   0 1124768  91320  59004 S  15,4   4,6   0:02,610 turtlesim+ 
 3143 pardus    20   0 1124768  91320  59004 S   8,3   4,6   0:02,620 turtlesim+ 
 3143 pardus    20   0 1124768  91320  59004 S   8,3   4,6   0:02,630 turtlesim+ 
 3143 pardus    20   0 1124768  91320  59004 S   7,7   4,6   0:02,640 turtlesim+ 
 3143 pardus    20   0 1124768  91320  59004 S   7,7   4,6   0:02,650 turtlesim+ 
 3143 pardus    20   0 1124768  91320  59004 S  16,7   4,6   0:02,670 turtlesim+ 
 3143 pardus    20   0 1124768  91320  59004 S   8,3   4,6   0:02,680 turtlesim+ 
 3143 pardus    20   0 1124768  91320  59004 S   7,7   4,6   0:02,690 turtlesim+ 
 3143 pardus    20   0 1124768  91320  59004 S   8,3   4,6   0:02,700 turtlesim+ 
 3143 pardus    20   0 1124768  91320  59004 S   8,3   4,6   0:02,710 turtlesim+ 
 3143 pardus    20   0 1124768  91320  59004 S   8,3   4,6   0:02,720 turtlesim+ 
 3143 pardus    20   0 1124768  91320  59004 S   8,3   4,6   0:02,730 turtlesim+ 
 3143 pardus    20   0 1124768  91320  59004 S   8,3   4,6   0:02,740 turtlesim+ 
 3143 pardus    20   0 1124768  91320  59004 S   8,3   4,6   0:02,750 turtlesim+ 
 3143 pardus    20   0 1124768  91320  59004 S   7,7   4,6   0:02,760 turtlesim+ 
 3143 pardus    20   0 1124768  91320  59004 S   8,3   4,6   0:02,770 turtlesim+ 
 3143 pardus    20   0 1124768  91320  59004 S   8,3   4,6   0:02,780 turtlesim+ 
 3143 pardus    20   0 1124768  91320  59004 S   8,3   4,6   0:02,790 turtlesim+ 
 3143 pardus    20   0 1124768  91320  59004 S   7,7   4,6   0:02,800 turtlesim+ 
 3143 pardus    20   0 1124768  91320  59004 S   7,7   4,6   0:02,810 turtlesim+ 
 3143 pardus    20   0 1124768  91320  59004 S   8,3   4,6   0:02,820 turtlesim+ 
 3143 pardus    20   0 1124768  91320  59004 S   7,7   4,6   0:02,830 turtlesim+ 
 3143 pardus    20   0 1124768  91320  59004 S   7,7   4,6   0:02,840 turtlesim+ 
 3143 pardus    20   0 1124768  91320  59004 S   8,3   4,6   0:02,850 turtlesim+ 
 3143 pardus    20   0 1124768  91320  59004 S   7,7   4,6   0:02,860 turtlesim+ 
 3143 pardus    20   0 1124768  91320  59004 S   8,3   4,6   0:02,870 turtlesim+ 
 3143 pardus    20   0 1124768  91320  59004 S   7,7   4,6   0:02,880 turtlesim+ 
 3143 pardus    20   0 1124768  91320  59004 S   8,3   4,6   0:02,890 turtlesim+ 
 3143 pardus    20   0 1124768  91320  59004 S   8,3   4,6   0:02,900 turtlesim+ 
 3143 pardus    20   0 1124768  91320  59004 S   7,7   4,6   0:02,910 turtlesim+ 
 3143 pardus    20   0 1124768  91320  59004 S   7,7   4,6   0:02,920 turtlesim+ 
 3143 pardus    20   0 1124768  91320  59004 S   7,7   4,6   0:02,930 turtlesim+ 
 3143 pardus    20   0 1124768  91320  59004 S   8,3   4,6   0:02,940 turtlesim+ 
 3143 pardus    20   0 1124768  91320  59004 S   8,3   4,6   0:02,950 turtlesim+ 
 3143 pardus    20   0 1124768  91320  59004 S   7,7   4,6   0:02,960 turtlesim+ 
 3143 pardus    20   0 1124768  91320  59004 S   8,3   4,6   0:02,970 turtlesim+ 
 3143 pardus    20   0 1124768  91320  59004 S   7,7   4,6   0:02,980 turtlesim+ 
 3143 pardus    20   0 1124768  91320  59004 S   8,3   4,6   0:02,990 turtlesim+ 
 3143 pardus    20   0 1124768  91320  59004 S   8,3   4,6   0:03,000 turtlesim+ 
 3143 pardus    20   0 1124768  91320  59004 S   7,7   4,6   0:03,010 turtlesim+ 
 3143 pardus    20   0 1124768  91320  59004 S   7,7   4,6   0:03,020 turtlesim+ 
 3143 pardus    20   0 1124768  91320  59004 S   7,7   4,6   0:03,030 turtlesim+ 
 3143 pardus    20   0 1124768  91320  59004 S   7,7   4,6   0:03,040 turtlesim+ 
 3143 pardus    20   0 1124768  91320  59004 S   7,7   4,6   0:03,050 turtlesim+ 
 3143 pardus    20   0 1124768  91320  59004 S   8,3   4,6   0:03,060 turtlesim+ 
 3143 pardus    20   0 1124768  91320  59004 S   8,3   4,6   0:03,070 turtlesim+ 
 3143 pardus    20   0 1124768  91320  59004 S   7,7   4,6   0:03,080 turtlesim+ 
 3143 pardus    20   0 1124768  91320  59004 S   7,7   4,6   0:03,090 turtlesim+ 
 3143 pardus    20   0 1124768  91320  59004 S   8,3   4,6   0:03,100 turtlesim+ 
 3143 pardus    20   0 1124768  91320  59004 S   7,7   4,6   0:03,110 turtlesim+ 
 3143 pardus    20   0 1124768  91320  59004 S   8,3   4,6   0:03,120 turtlesim+ 
 3143 pardus    20   0 1124768  91320  59004 S   7,7   4,6   0:03,130 turtlesim+ 
 3143 pardus    20   0 1124768  91320  59004 S   7,7   4,6   0:03,140 turtlesim+ 
 3143 pardus    20   0 1124768  91320  59004 S   8,3   4,6   0:03,150 turtlesim+ 
 3143 pardus    20   0 1124768  91320  59004 S   8,3   4,6   0:03,160 turtlesim+ 
 3143 pardus    20   0 1124768  91320  59004 S   8,3   4,6   0:03,170 turtlesim+ 
 3143 pardus    20   0 1124768  91320  59004 S   8,3   4,6   0:03,180 turtlesim+ 
 3143 pardus    20   0 1124768  91320  59004 S   8,3   4,6   0:03,190 turtlesim+ 
 3143 pardus    20   0 1124768  91320  59004 S   8,3   4,6   0:03,200 turtlesim+ 
 3143 pardus    20   0 1124768  91320  59004 S   8,3   4,6   0:03,210 turtlesim+ 
 3143 pardus    20   0 1124768  91320  59004 S   7,7   4,6   0:03,220 turtlesim+ 
 3143 pardus    20   0 1124768  91320  59004 S   8,3   4,6   0:03,230 turtlesim+ 
 3143 pardus    20   0 1124768  91320  59004 S   7,7   4,6   0:03,240 turtlesim+ 
 3143 pardus    20   0 1124768  91320  59004 S   8,3   4,6   0:03,250 turtlesim+ 
 3143 pardus    20   0 1124768  91320  59004 S   7,7   4,6   0:03,260 turtlesim+ 
 3143 pardus    20   0 1124768  91320  59004 S   7,7   4,6   0:03,270 turtlesim+ 
 3143 pardus    20   0 1124768  91320  59004 S   8,3   4,6   0:03,280 turtlesim+ 
 3143 pardus    20   0 1124768  91320  59004 S   7,7   4,6   0:03,290 turtlesim+ 
 3143 pardus    20   0 1124768  91320  59004 S   7,7   4,6   0:03,300 turtlesim+ 
 3143 pardus    20   0 1124768  91320  59004 S   8,3   4,6   0:03,310 turtlesim+ 
 3143 pardus    20   0 1124768  91320  59004 S   8,3   4,6   0:03,320 turtlesim+ 
 3143 pardus    20   0 1124768  91320  59004 S   8,3   4,6   0:03,330 turtlesim+ 
 3143 pardus    20   0 1124768  91320  59004 S   7,7   4,6   0:03,340 turtlesim+ 
 3143 pardus    20   0 1124768  91320  59004 S   8,3   4,6   0:03,350 turtlesim+ 
 3143 pardus    20   0 1124768  91320  59004 S   7,7   4,6   0:03,360 turtlesim+ 
 3143 pardus    20   0 1124768  91320  59004 S   8,3   4,6   0:03,370 turtlesim+ 
 3143 pardus    20   0 1124768  91320  59004 S   8,3   4,6   0:03,380 turtlesim+ 
 3143 pardus    20   0 1124768  91320  59004 S   8,3   4,6   0:03,390 turtlesim+ 
 3143 pardus    20   0 1124768  91320  59004 S   8,3   4,6   0:03,400 turtlesim+ 
 3143 pardus    20   0 1124768  91320  59004 S   8,3   4,6   0:03,410 turtlesim+ 
 3143 pardus    20   0 1124768  91320  59004 S   7,7   4,6   0:03,420 turtlesim+ 
 3143 pardus    20   0 1124768  91320  59004 S   7,7   4,6   0:03,430 turtlesim+ 
 3143 pardus    20   0 1124768  91320  59004 S   8,3   4,6   0:03,440 turtlesim+ 
 3143 pardus    20   0 1124768  91320  59004 S   8,3   4,6   0:03,450 turtlesim+ 
 3143 pardus    20   0 1124768  91320  59004 S   8,3   4,6   0:03,460 turtlesim+ 
 3143 pardus    20   0 1124768  91320  59004 S   8,3   4,6   0:03,470 turtlesim+ 
 3143 pardus    20   0 1124768  91320  59004 S   8,3   4,6   0:03,480 turtlesim+ 
 3143 pardus    20   0 1124768  91320  59004 S   7,7   4,6   0:03,490 turtlesim+ 
 3143 pardus    20   0 1124768  91320  59004 S   7,7   4,6   0:03,500 turtlesim+ 
 3143 pardus    20   0 1124768  91320  59004 S   8,3   4,6   0:03,510 turtlesim+ 
 3143 pardus    20   0 1124768  91320  59004 S   8,3   4,6   0:03,520 turtlesim+ 
 3143 pardus    20   0 1124768  91320  59004 S   8,3   4,6   0:03,530 turtlesim+ 
 3143 pardus    20   0 1124768  91320  59004 S  15,4   4,6   0:03,550 turtlesim+ 
 3143 pardus    20   0 1124768  91320  59004 S   7,7   4,6   0:03,560 turtlesim+ 
 3143 pardus    20   0 1124768  91320  59004 S   7,7   4,6   0:03,570 turtlesim+ 
 3143 pardus    20   0 1124768  91320  59004 S   8,3   4,6   0:03,580 turtlesim+ 
 3143 pardus    20   0 1124768  91320  59004 S   7,7   4,6   0:03,590 turtlesim+ 
 3143 pardus    20   0 1124768  91320  59004 S   8,3   4,6   0:03,600 turtlesim+ 
 3143 pardus    20   0 1124768  91320  59004 S  23,1   4,6   0:03,630 turtlesim+ 
 3143 pardus    20   0 1124768  91320  59004 S   7,7   4,6   0:03,640 turtlesim+ 
 3143 pardus    20   0 1124768  91320  59004 S  38,5   4,6   0:03,690 turtlesim+ 
 3143 pardus    20   0 1124768  91320  59004 S  21,4   4,6   0:03,720 turtlesim+ 
 3143 pardus    20   0 1124768  91320  59004 S  25,0   4,6   0:03,750 turtlesim+ 
 3143 pardus    20   0 1124768  91320  59004 S  23,1   4,6   0:03,780 turtlesim+ 
 3143 pardus    20   0 1124768  91320  59004 S  16,7   4,6   0:03,800 turtlesim+ 
 3143 pardus    20   0 1124768  91320  59004 S  30,8   4,6   0:03,840 turtlesim+ 
 3143 pardus    20   0 1124768  91320  59004 S  38,5   4,6   0:03,890 turtlesim+ 
 3143 pardus    20   0 1124768  91320  59004 S  50,0   4,6   0:03,960 turtlesim+ 
 3143 pardus    20   0 1124768  91320  59004 S  28,6   4,6   0:04,000 turtlesim+ 
 3143 pardus    20   0 1124768  91320  59004 S  38,5   4,6   0:04,050 turtlesim+ 
 3143 pardus    20   0 1124768  91320  59004 S  46,2   4,6   0:04,110 turtlesim+ 
 3143 pardus    20   0 1124768  91320  59004 S  61,5   4,6   0:04,190 turtlesim+ 
 3143 pardus    20   0 1124768  91320  59004 S  42,9   4,6   0:04,250 turtlesim+ 
 3143 pardus    20   0 1124768  91320  59004 S  46,2   4,6   0:04,310 turtlesim+ 
 3143 pardus    20   0 1124768  91320  59004 S  42,9   4,6   0:04,370 turtlesim+ 
 3143 pardus    20   0 1124768  91320  59004 S  46,2   4,6   0:04,430 turtlesim+ 
 3143 pardus    20   0 1124768  91320  59004 S  33,3   4,6   0:04,480 turtlesim+ 
 3143 pardus    20   0 1124768  91320  59004 S  42,9   4,6   0:04,540 turtlesim+ 
 3143 pardus    20   0 1124768  91320  59004 S  38,5   4,6   0:04,590 turtlesim+ 
 3143 pardus    20   0 1124768  91320  59004 S  38,5   4,6   0:04,640 turtlesim+ 
 3143 pardus    20   0 1124768  91320  59004 S  46,2   4,6   0:04,700 turtlesim+ 
 3143 pardus    20   0 1124768  91320  59004 S  40,0   4,6   0:04,760 turtlesim+ 
 3143 pardus    20   0 1124768  91320  59004 S  57,1   4,6   0:04,840 turtlesim+ 
 3143 pardus    20   0 1124768  91320  59004 S  37,5   4,5   0:04,850 turtlesim+ 
 3143 pardus    20   0 1124768  91320  59004 R  42,9   4,5   0:04,910 turtlesim+ 
 3143 pardus    20   0 1124768  91320  59004 R  53,8   4,5   0:04,980 turtlesim+ 
 3143 pardus    20   0 1124768  91320  59004 S  57,1   4,5   0:05,060 turtlesim+ 
 3143 pardus    20   0 1124768  91320  59004 R  46,7   4,5   0:05,130 turtlesim+ 
 3143 pardus    20   0 1124768  91320  59004 R  57,1   4,5   0:05,210 turtlesim+ 
 3143 pardus    20   0 1124768  91320  59004 S  53,8   4,5   0:05,280 turtlesim+ 
 3143 pardus    20   0 1124768  91320  59004 S  61,5   4,5   0:05,360 turtlesim+ 
 3143 pardus    20   0 1124768  91320  59004 S  60,0   4,5   0:05,450 turtlesim+ 
 3143 pardus    20   0 1124768  91320  59004 R  64,3   4,5   0:05,540 turtlesim+ 
 3143 pardus    20   0 1124768  91320  59004 R  78,6   4,5   0:05,650 turtlesim+ 
 3143 pardus    20   0 1124768  91320  59004 R  46,7   4,5   0:05,720 turtlesim+ 
 3143 pardus    20   0 1124768  91320  59004 R  57,1   4,5   0:05,800 turtlesim+ 
 3143 pardus    20   0 1124768  91320  59004 S  69,2   4,5   0:05,890 turtlesim+ 
 3143 pardus    20   0 1124768  91320  59004 S  71,4   4,5   0:05,990 turtlesim+ 
 3143 pardus    20   0 1124768  91320  59004 R  69,2   4,5   0:06,080 turtlesim+ 
 3143 pardus    20   0 1124768  91320  59004 S  76,9   4,5   0:06,180 turtlesim+ 
 3143 pardus    20   0 1124768  91320  59004 S  40,0   4,5   0:06,240 turtlesim+ 
 3143 pardus    20   0 1124768  91320  59004 R  61,5   4,5   0:06,320 turtlesim+ 
 3143 pardus    20   0 1124768  91320  59004 S  78,6   4,5   0:06,430 turtlesim+ 
 3143 pardus    20   0 1124768  91320  59004 R  56,2   4,5   0:06,520 turtlesim+ 
 3143 pardus    20   0 1124768  91320  59004 R  66,7   4,5   0:06,620 turtlesim+ 
 3143 pardus    20   0 1124768  91320  59004 S  60,0   4,5   0:06,710 turtlesim+ 
 3143 pardus    20   0 1124768  91320  59004 S  69,2   4,5   0:06,800 turtlesim+ 
 3143 pardus    20   0 1124768  91320  59004 S  53,3   4,5   0:06,880 turtlesim+ 
 3143 pardus    20   0 1124768  91320  59004 S  71,4   4,5   0:06,980 turtlesim+ 
 3143 pardus    20   0 1124768  91320  59004 S  53,8   4,5   0:07,050 turtlesim+ 
 3143 pardus    20   0 1124768  91320  59004 S  69,2   4,5   0:07,140 turtlesim+ 
 3143 pardus    20   0 1124768  91320  59004 R  50,0   4,5   0:07,210 turtlesim+ 
 3143 pardus    20   0 1124768  91320  59004 S  64,3   4,5   0:07,300 turtlesim+ 
 3143 pardus    20   0 1124768  91320  59004 S  53,8   4,5   0:07,370 turtlesim+ 
 3143 pardus    20   0 1124768  91320  59004 R  61,5   4,5   0:07,450 turtlesim+ 
 3143 pardus    20   0 1124768  91320  59004 R  69,2   4,5   0:07,540 turtlesim+ 
 3143 pardus    20   0 1124768  91320  59004 S  80,0   4,5   0:07,660 turtlesim+ 
 3143 pardus    20   0 1124768  91320  59004 R  57,1   4,5   0:07,740 turtlesim+ 
 3143 pardus    20   0 1124768  91320  59004 S  53,3   4,5   0:07,820 turtlesim+ 
 3143 pardus    20   0 1124768  91320  59004 R  57,1   4,5   0:07,900 turtlesim+ 
 3143 pardus    20   0 1124768  91320  59004 R  57,1   4,5   0:07,980 turtlesim+ 
 3143 pardus    20   0 1124768  91320  59004 S  66,7   4,5   0:08,080 turtlesim+ 
 3143 pardus    20   0 1124768  91320  59004 S  42,9   4,5   0:08,140 turtlesim+ 
 3143 pardus    20   0 1124768  91320  59004 R  61,5   4,5   0:08,220 turtlesim+ 
 3143 pardus    20   0 1124768  91320  59004 R  53,8   4,5   0:08,290 turtlesim+ 
 3143 pardus    20   0 1124768  91320  59004 R  61,5   4,5   0:08,370 turtlesim+ 
 3143 pardus    20   0 1124768  91320  59004 R  71,4   4,5   0:08,470 turtlesim+ 
 3143 pardus    20   0 1124768  91320  59004 S  73,3   4,5   0:08,580 turtlesim+ 
 3143 pardus    20   0 1124768  91320  59004 R  57,1   4,5   0:08,660 turtlesim+ 
 3143 pardus    20   0 1124768  91320  59004 R  64,3   4,5   0:08,750 turtlesim+ 
 3143 pardus    20   0 1124768  91320  59004 R  78,6   4,5   0:08,860 turtlesim+ 
 3143 pardus    20   0 1124768  91320  59004 R  46,2   4,5   0:08,920 turtlesim+ 
 3143 pardus    20   0 1124768  91320  59004 R  64,3   4,5   0:09,010 turtlesim+ 
 3143 pardus    20   0 1124768  91320  59004 S  50,0   4,5   0:09,080 turtlesim+ 
 3143 pardus    20   0 1124768  91320  59004 R  69,2   4,5   0:09,170 turtlesim+ 
 3143 pardus    20   0 1124768  91320  59004 S  61,5   4,5   0:09,250 turtlesim+ 
 3143 pardus    20   0 1124768  91320  59004 R  64,3   4,5   0:09,340 turtlesim+ 
 3143 pardus    20   0 1124768  91320  59004 R  69,2   4,5   0:09,430 turtlesim+ 
 3143 pardus    20   0 1124768  91320  59004 R  64,3   4,5   0:09,520 turtlesim+ 
 3143 pardus    20   0 1124768  91320  59004 R  69,2   4,5   0:09,610 turtlesim+ 
 3143 pardus    20   0 1124768  91320  59004 S  60,0   4,5   0:09,700 turtlesim+ 
 3143 pardus    20   0 1124768  91320  59004 R  64,3   4,5   0:09,790 turtlesim+ 
 3143 pardus    20   0 1124768  91320  59004 R  71,4   4,5   0:09,890 turtlesim+ 
 3143 pardus    20   0 1124768  91320  59004 R  46,7   4,5   0:09,960 turtlesim+ 
 3143 pardus    20   0 1124768  91320  59004 R  64,3   4,5   0:10,050 turtlesim+ 
 3143 pardus    20   0 1124768  91320  59004 R  50,0   4,5   0:10,110 turtlesim+ 
 3143 pardus    20   0 1124768  91320  59004 R  61,5   4,5   0:10,190 turtlesim+ 
 3143 pardus    20   0 1124768  91320  59004 S  71,4   4,5   0:10,290 turtlesim+ 
 3143 pardus    20   0 1124768  91320  59004 S  53,8   4,5   0:10,360 turtlesim+ 
 3143 pardus    20   0 1124768  91320  59004 R  71,4   4,5   0:10,460 turtlesim+ 
 3143 pardus    20   0 1124768  91320  59004 R  71,4   4,5   0:10,560 turtlesim+ 
 3143 pardus    20   0 1124768  91320  59004 R  71,4   4,5   0:10,660 turtlesim+ 
 3143 pardus    20   0 1124768  91320  59004 R  60,0   4,5   0:10,750 turtlesim+ 
 3143 pardus    20   0 1124768  91320  59004 R  50,0   4,5   0:10,820 turtlesim+ 
 3143 pardus    20   0 1124768  91320  59004 R  64,3   4,5   0:10,910 turtlesim+ 
 3143 pardus    20   0 1124768  91320  59004 S  57,1   4,5   0:10,990 turtlesim+ 
 3143 pardus    20   0 1124768  91320  59004 R  76,9   4,5   0:11,090 turtlesim+ 
 3143 pardus    20   0 1124768  91320  59004 R  57,1   4,5   0:11,170 turtlesim+ 
 3143 pardus    20   0 1124768  91320  59004 R  84,6   4,5   0:11,280 turtlesim+ 
 3143 pardus    20   0 1124768  91320  59004 S  56,2   4,5   0:11,370 turtlesim+ 
 3143 pardus    20   0 1124768  91320  59004 S  66,7   4,5   0:11,470 turtlesim+ 
 3143 pardus    20   0 1124768  91320  59004 S  57,1   4,5   0:11,550 turtlesim+ 
 3143 pardus    20   0 1124768  91320  59004 R  71,4   4,5   0:11,650 turtlesim+ 
 3143 pardus    20   0 1124768  91320  59004 S  71,4   4,5   0:11,750 turtlesim+ 
 3143 pardus    20   0 1124768  91320  59004 R  69,2   4,5   0:11,840 turtlesim+ 
 3143 pardus    20   0 1124768  91320  59004 R  76,9   4,5   0:11,940 turtlesim+ 
 3143 pardus    20   0 1124768  91320  59004 S  64,3   4,5   0:12,030 turtlesim+ 
 3143 pardus    20   0 1124768  91320  59004 S  57,1   4,5   0:12,110 turtlesim+ 
 3143 pardus    20   0 1124768  91320  59004 R  64,3   4,5   0:12,200 turtlesim+ 
 3143 pardus    20   0 1124768  91320  59004 R  84,6   4,5   0:12,310 turtlesim+ 
 3143 pardus    20   0 1124768  91320  59004 S  66,7   4,5   0:12,410 turtlesim+ 
 3143 pardus    20   0 1124768  91320  59004 S  61,5   4,5   0:12,490 turtlesim+ 
 3143 pardus    20   0 1124768  91320  59004 S  69,2   4,5   0:12,580 turtlesim+ 
 3143 pardus    20   0 1124768  91320  59004 S  64,3   4,5   0:12,670 turtlesim+ 
 3143 pardus    20   0 1124768  91320  59004 S  71,4   4,5   0:12,770 turtlesim+ 
 3143 pardus    20   0 1124768  91320  59004 R  64,3   4,5   0:12,860 turtlesim+ 
 3143 pardus    20   0 1124768  91320  59004 S  53,3   4,5   0:12,940 turtlesim+ 
 3143 pardus    20   0 1124768  91320  59004 S  61,5   4,5   0:13,020 turtlesim+ 
 3143 pardus    20   0 1124768  91320  59004 S  76,9   4,5   0:13,120 turtlesim+ 
 3143 pardus    20   0 1124768  91320  59004 S  57,1   4,5   0:13,200 turtlesim+ 
 3143 pardus    20   0 1124768  91320  59004 R  57,1   4,5   0:13,280 turtlesim+ 
 3143 pardus    20   0 1124768  91320  59004 R  53,8   4,5   0:13,350 turtlesim+ 
 3143 pardus    20   0 1124768  91320  59004 S  64,3   4,5   0:13,440 turtlesim+ 
 3143 pardus    20   0 1124768  91320  59004 S  53,8   4,5   0:13,510 turtlesim+ 
 3143 pardus    20   0 1124768  91320  59004 R  61,5   4,5   0:13,590 turtlesim+ 
 3143 pardus    20   0 1124768  91320  59004 R  61,5   4,5   0:13,670 turtlesim+ 
 3143 pardus    20   0 1124768  91320  59004 S  61,5   4,5   0:13,750 turtlesim+ 
 3143 pardus    20   0 1124768  91320  59004 S  57,1   4,5   0:13,830 turtlesim+ 
 3143 pardus    20   0 1124768  91320  59004 S  69,2   4,5   0:13,920 turtlesim+ 
 3143 pardus    20   0 1124768  91320  59004 S  46,7   4,5   0:13,990 turtlesim+ 
 3143 pardus    20   0 1124768  91320  59004 S  57,1   4,5   0:14,070 turtlesim+ 
 3143 pardus    20   0 1124768  91320  59004 S  71,4   4,5   0:14,170 turtlesim+ 
 3143 pardus    20   0 1124768  91320  59004 S  57,1   4,5   0:14,250 turtlesim+ 
 3143 pardus    20   0 1124768  91320  59004 R  64,3   4,5   0:14,340 turtlesim+ 
 3143 pardus    20   0 1124768  91320  59004 S  57,1   4,5   0:14,420 turtlesim+ 
 3143 pardus    20   0 1124768  91320  59004 R  64,3   4,5   0:14,510 turtlesim+ 
 3143 pardus    20   0 1124768  91320  59004 R  60,0   4,5   0:14,600 turtlesim+ 
 3143 pardus    20   0 1124768  91320  59004 R  71,4   4,5   0:14,700 turtlesim+ 
 3143 pardus    20   0 1124768  91320  59004 R  71,4   4,5   0:14,800 turtlesim+ 
 3143 pardus    20   0 1124768  91320  59004 R  76,9   4,5   0:14,900 turtlesim+ 
 3143 pardus    20   0 1124768  91320  59004 S  62,5   4,5   0:15,000 turtlesim+ 
 3143 pardus    20   0 1124768  91320  59004 R  60,0   4,5   0:15,090 turtlesim+ 
 3143 pardus    20   0 1124768  91320  59004 S  61,5   4,5   0:15,170 turtlesim+ 
 3143 pardus    20   0 1124768  91320  59004 R  53,8   4,5   0:15,240 turtlesim+ 
 3143 pardus    20   0 1124768  91320  59004 R  71,4   4,5   0:15,340 turtlesim+ 
 3143 pardus    20   0 1124768  91320  59004 S  75,0   4,5   0:15,430 turtlesim+ 
 3143 pardus    20   0 1124768  91320  59004 R  71,4   4,5   0:15,530 turtlesim+ 
 3143 pardus    20   0 1124768  91320  59004 S  61,5   4,5   0:15,610 turtlesim+ 
 3143 pardus    20   0 1124768  91320  59004 R  71,4   4,5   0:15,710 turtlesim+ 
 3143 pardus    20   0 1124768  91320  59004 S  46,7   4,5   0:15,780 turtlesim+ 
 3143 pardus    20   0 1124768  91320  59004 R  62,5   4,5   0:15,880 turtlesim+ 
 3143 pardus    20   0 1124768  91320  59004 R  71,4   4,5   0:15,980 turtlesim+ 
 3143 pardus    20   0 1124768  91320  59004 S  53,3   4,5   0:16,060 turtlesim+ 
 3143 pardus    20   0 1124768  91320  59004 S  60,0   4,5   0:16,150 turtlesim+ 
 3143 pardus    20   0 1124768  91320  59004 S  64,3   4,5   0:16,240 turtlesim+ 
 3143 pardus    20   0 1124768  91320  59004 S  50,0   4,5   0:16,310 turtlesim+ 
 3143 pardus    20   0 1124768  91320  59004 S  46,2   4,5   0:16,370 turtlesim+ 
 3143 pardus    20   0 1124768  91320  59004 R  69,2   4,5   0:16,460 turtlesim+ 
 3143 pardus    20   0 1124768  91320  59004 R  78,6   4,5   0:16,570 turtlesim+ 
 3143 pardus    20   0 1124768  91320  59004 S  57,1   4,5   0:16,650 turtlesim+ 
 3143 pardus    20   0 1124768  91320  59004 R  61,5   4,5   0:16,730 turtlesim+ 
 3143 pardus    20   0 1124768  91320  59004 S  69,2   4,5   0:16,820 turtlesim+ 
 3143 pardus    20   0 1124768  91320  59004 R  64,3   4,5   0:16,910 turtlesim+ 
 3143 pardus    20   0 1124768  91320  59004 R  68,8   4,5   0:17,020 turtlesim+ 
 3143 pardus    20   0 1124768  91320  59004 R  60,0   4,5   0:17,110 turtlesim+ 
 3143 pardus    20   0 1124768  91320  59004 S  66,7   4,5   0:17,210 turtlesim+ 
 3143 pardus    20   0 1124768  91320  59004 S  71,4   4,5   0:17,310 turtlesim+ 
 3143 pardus    20   0 1124768  91320  59004 R  62,5   4,5   0:17,410 turtlesim+ 
 3143 pardus    20   0 1124768  91320  59004 R  57,1   4,5   0:17,490 turtlesim+ 
 3143 pardus    20   0 1124768  91320  59004 R  76,9   4,5   0:17,590 turtlesim+ 
 3143 pardus    20   0 1124768  91320  59004 R  73,3   4,5   0:17,700 turtlesim+ 
 3143 pardus    20   0 1124768  91320  59004 S  53,3   4,5   0:17,780 turtlesim+ 
 3143 pardus    20   0 1124768  91320  59004 S  50,0   4,5   0:17,850 turtlesim+ 
 3143 pardus    20   0 1124768  91320  59004 S  61,5   4,5   0:17,930 turtlesim+ 
 3143 pardus    20   0 1124768  91320  59004 R  66,7   4,5   0:18,030 turtlesim+ 
 3143 pardus    20   0 1124768  91320  59004 S  60,0   4,5   0:18,120 turtlesim+ 
 3143 pardus    20   0 1124768  91320  59004 R  64,3   4,5   0:18,210 turtlesim+ 
 3143 pardus    20   0 1124768  91320  59004 S  46,7   4,5   0:18,280 turtlesim+ 
 3143 pardus    20   0 1124768  91320  59004 R  64,3   4,5   0:18,370 turtlesim+ 
 3143 pardus    20   0 1124768  91320  59004 R  60,0   4,5   0:18,460 turtlesim+ 
 3143 pardus    20   0 1124768  91320  59004 R  57,1   4,5   0:18,540 turtlesim+ 
 3143 pardus    20   0 1124768  91320  59004 R  53,8   4,5   0:18,610 turtlesim+ 
 3143 pardus    20   0 1124768  91320  59004 R  84,6   4,5   0:18,720 turtlesim+ 
 3143 pardus    20   0 1124768  91320  59004 R  57,1   4,5   0:18,800 turtlesim+ 
 3143 pardus    20   0 1124768  91320  59004 S  69,2   4,5   0:18,890 turtlesim+ 
 3143 pardus    20   0 1124768  91320  59004 S  71,4   4,5   0:18,990 turtlesim+ 
 3143 pardus    20   0 1124768  91320  59004 R  53,8   4,5   0:19,060 turtlesim+ 
 3143 pardus    20   0 1124768  91320  59004 S  53,8   4,5   0:19,130 turtlesim+ 
 3143 pardus    20   0 1124768  91320  59004 S  75,0   4,5   0:19,220 turtlesim+ 
 3143 pardus    20   0 1124768  91320  59004 R  53,3   4,5   0:19,300 turtlesim+ 
 3143 pardus    20   0 1124768  91320  59004 S  42,9   4,5   0:19,360 turtlesim+ 
 3143 pardus    20   0 1124768  91320  59004 R  53,8   4,5   0:19,430 turtlesim+ 
 3143 pardus    20   0 1124768  91320  59004 R  75,0   4,5   0:19,550 turtlesim+ 
 3143 pardus    20   0 1124768  91320  59004 R  53,3   4,5   0:19,630 turtlesim+ 
 3143 pardus    20   0 1124768  91320  59004 R  66,7   4,5   0:19,730 turtlesim+ 
 3143 pardus    20   0 1124768  91320  59004 S  57,1   4,5   0:19,810 turtlesim+ 
 3143 pardus    20   0 1124768  91320  59004 S  60,0   4,5   0:19,900 turtlesim+ 
 3143 pardus    20   0 1124768  91320  59004 R  60,0   4,5   0:19,990 turtlesim+ 
 3143 pardus    20   0 1124768  91320  59004 S  84,6   4,5   0:20,100 turtlesim+ 
 3143 pardus    20   0 1124768  91320  59004 R  43,8   4,5   0:20,170 turtlesim+ 
 3143 pardus    20   0 1124768  91320  59004 R  61,5   4,5   0:20,250 turtlesim+ 
 3143 pardus    20   0 1124768  91320  59004 R  64,3   4,5   0:20,340 turtlesim+ 
 3143 pardus    20   0 1124768  91320  59004 S  64,3   4,5   0:20,430 turtlesim+ 
 3143 pardus    20   0 1124768  91320  59004 S  78,6   4,5   0:20,540 turtlesim+ 
 3143 pardus    20   0 1124768  91320  59004 R  56,2   4,5   0:20,630 turtlesim+ 
 3143 pardus    20   0 1124768  91320  59004 S  50,0   4,5   0:20,700 turtlesim+ 
 3143 pardus    20   0 1124768  91320  59004 S  71,4   4,5   0:20,800 turtlesim+ 
 3143 pardus    20   0 1124768  91320  59004 S  64,3   4,5   0:20,890 turtlesim+ 
 3143 pardus    20   0 1124768  91320  59004 S  64,3   4,5   0:20,980 turtlesim+ 
 3143 pardus    20   0 1124768  91320  59004 S  61,5   4,5   0:21,060 turtlesim+ 
 3143 pardus    20   0 1124768  91320  59004 S  69,2   4,5   0:21,150 turtlesim+ 
 3143 pardus    20   0 1124768  91320  59004 R  50,0   4,5   0:21,220 turtlesim+ 
 3143 pardus    20   0 1124768  91320  59004 R  76,9   4,5   0:21,320 turtlesim+ 
 3143 pardus    20   0 1124768  91320  59004 S  78,6   4,5   0:21,430 turtlesim+ 
 3143 pardus    20   0 1124768  91320  59004 R  64,3   4,5   0:21,520 turtlesim+ 
 3143 pardus    20   0 1124768  91320  59004 S  66,7   4,5   0:21,620 turtlesim+ 
 3143 pardus    20   0 1124768  91320  59004 S  64,3   4,5   0:21,710 turtlesim+ 
 3143 pardus    20   0 1124768  91320  59004 S  46,7   4,5   0:21,780 turtlesim+ 
 3143 pardus    20   0 1124768  91320  59004 R  76,9   4,5   0:21,880 turtlesim+ 
 3143 pardus    20   0 1124768  91320  59004 R  78,6   4,5   0:21,990 turtlesim+ 
 3143 pardus    20   0 1124768  91320  59004 R  66,7   4,5   0:22,090 turtlesim+ 
 3143 pardus    20   0 1124768  91320  59004 R  84,6   4,5   0:22,200 turtlesim+ 
 3143 pardus    20   0 1124768  91320  59004 S  53,3   4,5   0:22,280 turtlesim+ 
 3143 pardus    20   0 1124768  91320  59004 S  61,5   4,5   0:22,360 turtlesim+ 
 3143 pardus    20   0 1124768  91320  59004 S  50,0   4,5   0:22,430 turtlesim+ 
 3143 pardus    20   0 1124768  91320  59004 S  57,1   4,5   0:22,510 turtlesim+ 
 3143 pardus    20   0 1124768  91320  59004 R  69,2   4,5   0:22,600 turtlesim+ 
 3143 pardus    20   0 1124768  91320  59004 R  69,2   4,5   0:22,690 turtlesim+ 
 3143 pardus    20   0 1124768  91320  59004 S  57,1   4,5   0:22,770 turtlesim+ 
 3143 pardus    20   0 1124768  91320  59004 S  58,3   4,5   0:22,840 turtlesim+ 
 3143 pardus    20   0 1124768  91320  59004 S  64,3   4,5   0:22,930 turtlesim+ 
 3143 pardus    20   0 1124768  91320  59004 R  64,3   4,5   0:23,020 turtlesim+ 
 3143 pardus    20   0 1124768  91320  59004 S  61,5   4,5   0:23,100 turtlesim+ 
 3143 pardus    20   0 1124768  91320  59004 S  85,7   4,5   0:23,220 turtlesim+ 
 3143 pardus    20   0 1124768  91320  59004 R  57,1   4,5   0:23,300 turtlesim+ 
 3143 pardus    20   0 1124768  91320  59004 S  64,3   4,5   0:23,390 turtlesim+ 
 3143 pardus    20   0 1124768  91320  59004 R  60,0   4,5   0:23,480 turtlesim+ 
 3143 pardus    20   0 1124768  91320  59004 R  57,1   4,5   0:23,560 turtlesim+ 
 3143 pardus    20   0 1124768  91320  59004 S  57,1   4,5   0:23,640 turtlesim+ 
 3143 pardus    20   0 1124768  91320  59004 S  75,0   4,5   0:23,730 turtlesim+ 
 3143 pardus    20   0 1124768  91320  59004 S  57,1   4,5   0:23,810 turtlesim+ 
 3143 pardus    20   0 1124768  91320  59004 S  57,1   4,5   0:23,890 turtlesim+ 
 3143 pardus    20   0 1124768  91320  59004 R  61,5   4,5   0:23,970 turtlesim+ 
 3143 pardus    20   0 1124768  91320  59004 S  76,9   4,5   0:24,070 turtlesim+ 
 3143 pardus    20   0 1124768  91320  59004 S  66,7   4,5   0:24,170 turtlesim+ 
 3143 pardus    20   0 1124768  91320  59004 R  64,3   4,5   0:24,260 turtlesim+ 
 3143 pardus    20   0 1124768  91320  59004 S  78,6   4,5   0:24,370 turtlesim+ 
 3143 pardus    20   0 1124768  91320  59004 S  64,3   4,5   0:24,460 turtlesim+ 
 3143 pardus    20   0 1124768  91320  59004 S  68,8   4,5   0:24,570 turtlesim+ 
 3143 pardus    20   0 1124768  91320  59004 S  78,6   4,5   0:24,680 turtlesim+ 
 3143 pardus    20   0 1124768  91320  59004 R  66,7   4,5   0:24,780 turtlesim+ 
 3143 pardus    20   0 1124768  91320  59004 R  66,7   4,5   0:24,880 turtlesim+ 
 3143 pardus    20   0 1124768  91320  59004 R  66,7   4,5   0:24,980 turtlesim+ 
 3143 pardus    20   0 1124768  91320  59004 R  53,8   4,5   0:25,050 turtlesim+ 
 3143 pardus    20   0 1124768  91320  59004 S  69,2   4,5   0:25,140 turtlesim+ 
 3143 pardus    20   0 1124768  91320  59004 R  76,9   4,5   0:25,240 turtlesim+ 
 3143 pardus    20   0 1124768  91320  59004 S  50,0   4,5   0:25,310 turtlesim+ 
 3143 pardus    20   0 1124768  91320  59004 R  64,3   4,5   0:25,400 turtlesim+ 
 3143 pardus    20   0 1124768  91320  59004 S  71,4   4,5   0:25,500 turtlesim+ 
 3143 pardus    20   0 1124768  91320  59004 S  64,3   4,5   0:25,590 turtlesim+ 
 3143 pardus    20   0 1124768  91320  59004 R  53,8   4,5   0:25,660 turtlesim+ 
 3143 pardus    20   0 1124768  91320  59004 R  61,5   4,5   0:25,740 turtlesim+ 
 3143 pardus    20   0 1124768  91320  59004 R  46,2   4,5   0:25,800 turtlesim+ 
 3143 pardus    20   0 1124768  91320  59004 R  61,5   4,5   0:25,880 turtlesim+ 
 3143 pardus    20   0 1124768  91320  59004 R  76,9   4,5   0:25,980 turtlesim+ 
 3143 pardus    20   0 1124768  91320  59004 S  78,6   4,5   0:26,090 turtlesim+ 
 3143 pardus    20   0 1124768  91320  59004 R  56,2   4,5   0:26,180 turtlesim+ 
 3143 pardus    20   0 1124768  91320  59004 R  64,3   4,5   0:26,270 turtlesim+ 
 3143 pardus    20   0 1124768  91320  59004 S  69,2   4,5   0:26,360 turtlesim+ 
 3143 pardus    20   0 1124768  91320  59004 R  64,3   4,5   0:26,450 turtlesim+ 
 3143 pardus    20   0 1124768  91320  59004 R  60,0   4,5   0:26,540 turtlesim+ 
 3143 pardus    20   0 1124768  91320  59004 S  71,4   4,5   0:26,640 turtlesim+ 
 3143 pardus    20   0 1124768  91320  59004 S  50,0   4,5   0:26,710 turtlesim+ 
 3143 pardus    20   0 1124768  91320  59004 S  69,2   4,5   0:26,800 turtlesim+ 
 3143 pardus    20   0 1124768  91320  59004 R  57,1   4,5   0:26,880 turtlesim+ 
 3143 pardus    20   0 1124768  91320  59004 R  61,5   4,5   0:26,960 turtlesim+ 
 3143 pardus    20   0 1124768  91320  59004 R  69,2   4,5   0:27,050 turtlesim+ 
 3143 pardus    20   0 1124768  91320  59004 S  76,9   4,5   0:27,150 turtlesim+ 
 3143 pardus    20   0 1124768  91320  59004 R  53,3   4,5   0:27,230 turtlesim+ 
 3143 pardus    20   0 1124768  91320  59004 R  76,9   4,5   0:27,330 turtlesim+ 
 3143 pardus    20   0 1124768  91320  59004 S  69,2   4,5   0:27,420 turtlesim+ 
 3143 pardus    20   0 1124768  91320  59004 R  61,5   4,5   0:27,500 turtlesim+ 
 3143 pardus    20   0 1124768  91320  59004 S  61,5   4,5   0:27,580 turtlesim+ 
 3143 pardus    20   0 1124768  91320  59004 R  76,9   4,5   0:27,680 turtlesim+ 
 3143 pardus    20   0 1124768  91320  59004 S  76,9   4,5   0:27,780 turtlesim+ 
 3143 pardus    20   0 1124768  91320  59004 S  71,4   4,5   0:27,880 turtlesim+ 
 3143 pardus    20   0 1124768  91320  59004 S  46,7   4,5   0:27,950 turtlesim+ 
 3143 pardus    20   0 1124768  91320  59004 S  84,6   4,5   0:28,060 turtlesim+ 
 3143 pardus    20   0 1124768  91320  59004 S  64,3   4,5   0:28,150 turtlesim+ 
 3143 pardus    20   0 1124768  91320  59004 R  46,7   4,5   0:28,220 turtlesim+ 
 3143 pardus    20   0 1124768  91320  59004 S  69,2   4,5   0:28,310 turtlesim+ 
 3143 pardus    20   0 1124768  91320  59004 S  71,4   4,5   0:28,410 turtlesim+ 
 3143 pardus    20   0 1124768  91320  59004 R  53,8   4,5   0:28,480 turtlesim+ 
 3143 pardus    20   0 1124768  91320  59004 R  69,2   4,5   0:28,570 turtlesim+ 
 3143 pardus    20   0 1124768  91320  59004 R  64,3   4,5   0:28,660 turtlesim+ 
 3143 pardus    20   0 1124768  91320  59004 R  61,5   4,5   0:28,740 turtlesim+ 
 3143 pardus    20   0 1124768  91320  59004 S  71,4   4,5   0:28,840 turtlesim+ 
 3143 pardus    20   0 1124768  91320  59004 S  53,3   4,5   0:28,920 turtlesim+ 
 3143 pardus    20   0 1124768  91320  59004 S  86,7   4,5   0:29,050 turtlesim+ 
 3143 pardus    20   0 1124768  91320  59004 R  60,0   4,5   0:29,140 turtlesim+ 
 3143 pardus    20   0 1124768  91320  59004 R  57,1   4,5   0:29,220 turtlesim+ 
 3143 pardus    20   0 1124768  91320  59004 S  69,2   4,5   0:29,310 turtlesim+ 
 3143 pardus    20   0 1124768  91320  59004 R  57,1   4,5   0:29,390 turtlesim+ 
 3143 pardus    20   0 1124768  91320  59004 S  69,2   4,5   0:29,480 turtlesim+ 
 3143 pardus    20   0 1124768  91320  59004 S  53,8   4,5   0:29,550 turtlesim+ 
 3143 pardus    20   0 1124768  91320  59004 S  61,5   4,5   0:29,630 turtlesim+ 
 3143 pardus    20   0 1124768  91320  59004 S  69,2   4,5   0:29,720 turtlesim+ 
 3143 pardus    20   0 1124768  91320  59004 S  50,0   4,5   0:29,790 turtlesim+ 
 3143 pardus    20   0 1124768  91320  59004 R  71,4   4,5   0:29,890 turtlesim+ 
 3143 pardus    20   0 1124768  91320  59004 R  64,3   4,5   0:29,980 turtlesim+ 
 3143 pardus    20   0 1124768  91320  59004 S  53,3   4,5   0:30,060 turtlesim+ 
 3143 pardus    20   0 1124768  91320  59004 R  71,4   4,5   0:30,160 turtlesim+ 
 3143 pardus    20   0 1124768  91320  59004 R  71,4   4,5   0:30,260 turtlesim+ 
 3143 pardus    20   0 1124768  91320  59004 S  64,3   4,5   0:30,350 turtlesim+ 
 3143 pardus    20   0 1124768  91320  59004 S  64,3   4,5   0:30,440 turtlesim+ 
 3143 pardus    20   0 1124768  91320  59004 R  64,3   4,5   0:30,530 turtlesim+ 
 3143 pardus    20   0 1124768  91320  59004 S  78,6   4,5   0:30,640 turtlesim+ 
 3143 pardus    20   0 1124768  91320  59004 R  73,3   4,5   0:30,750 turtlesim+ 
 3143 pardus    20   0 1124768  91320  59004 R  66,7   4,5   0:30,850 turtlesim+ 
 3143 pardus    20   0 1124768  91320  59004 S  64,3   4,5   0:30,940 turtlesim+ 
 3143 pardus    20   0 1124768  91320  59004 S  56,2   4,5   0:31,030 turtlesim+ 
 3143 pardus    20   0 1124768  91320  59004 S  61,5   4,5   0:31,110 turtlesim+ 
 3143 pardus    20   0 1124768  91320  59004 R  61,5   4,5   0:31,190 turtlesim+ 
 3143 pardus    20   0 1124768  91320  59004 R  71,4   4,5   0:31,290 turtlesim+ 
 3143 pardus    20   0 1124768  91320  59004 S  92,3   4,5   0:31,410 turtlesim+ 
 3143 pardus    20   0 1124768  91320  59004 S  71,4   4,5   0:31,510 turtlesim+ 
 3143 pardus    20   0 1124768  91320  59004 S  57,1   4,5   0:31,590 turtlesim+ 
 3143 pardus    20   0 1124768  91320  59004 S  76,9   4,5   0:31,690 turtlesim+ 
 3143 pardus    20   0 1124768  91320  59004 R  66,7   4,5   0:31,790 turtlesim+ 
 3143 pardus    20   0 1124768  91320  59004 R  60,0   4,5   0:31,880 turtlesim+ 
 3143 pardus    20   0 1124768  91320  59004 S  50,0   4,5   0:31,960 turtlesim+ 
 3143 pardus    20   0 1124768  91320  59004 S  69,2   4,5   0:32,050 turtlesim+ 
 3143 pardus    20   0 1124768  91320  59004 R  60,0   4,5   0:32,140 turtlesim+ 
 3143 pardus    20   0 1124768  91320  59004 S  73,3   4,5   0:32,250 turtlesim+ 
 3143 pardus    20   0 1124768  91320  59004 R  73,3   4,5   0:32,360 turtlesim+ 
 3143 pardus    20   0 1124768  91320  59004 S  68,8   4,5   0:32,470 turtlesim+ 
 3143 pardus    20   0 1124768  91320  59004 R  53,3   4,5   0:32,550 turtlesim+ 
 3143 pardus    20   0 1124768  91320  59004 R  64,3   4,5   0:32,640 turtlesim+ 
 3143 pardus    20   0 1124768  91320  59004 S  71,4   4,5   0:32,740 turtlesim+ 
 3143 pardus    20   0 1124768  91320  59004 S  61,5   4,5   0:32,820 turtlesim+ 
 3143 pardus    20   0 1124768  91320  59004 R  64,3   4,5   0:32,910 turtlesim+ 
 3143 pardus    20   0 1124768  91320  59004 R  76,9   4,5   0:33,010 turtlesim+ 
 3143 pardus    20   0 1124768  91320  59004 R  40,0   4,5   0:33,070 turtlesim+ 
 3143 pardus    20   0 1124768  91320  59004 R  69,2   4,5   0:33,160 turtlesim+ 
 3143 pardus    20   0 1124768  91320  59004 R  57,1   4,5   0:33,240 turtlesim+ 
 3143 pardus    20   0 1124768  91320  59004 R  69,2   4,5   0:33,330 turtlesim+ 
 3143 pardus    20   0 1124768  91320  59004 R  62,5   4,5   0:33,430 turtlesim+ 
 3143 pardus    20   0 1124768  91320  59004 S  53,8   4,5   0:33,500 turtlesim+ 
 3143 pardus    20   0 1124768  91320  59004 S  64,3   4,5   0:33,590 turtlesim+ 
 3143 pardus    20   0 1124768  91320  59004 S  69,2   4,5   0:33,680 turtlesim+ 
 3143 pardus    20   0 1124768  91320  59004 S  50,0   4,5   0:33,750 turtlesim+ 
 3143 pardus    20   0 1124768  91320  59004 S  69,2   4,5   0:33,840 turtlesim+ 
 3143 pardus    20   0 1124768  91320  59004 R  50,0   4,5   0:33,910 turtlesim+ 
 3143 pardus    20   0 1124768  91320  59004 R  84,6   4,5   0:34,020 turtlesim+ 
 3143 pardus    20   0 1124768  91320  59004 R  56,2   4,5   0:34,110 turtlesim+ 
 3143 pardus    20   0 1124768  91320  59004 R  91,7   4,5   0:34,220 turtlesim+ 
 3143 pardus    20   0 1124768  91320  59004 R  78,6   4,5   0:34,330 turtlesim+ 
 3143 pardus    20   0 1124768  91320  59004 R  76,9   4,5   0:34,430 turtlesim+ 
 3143 pardus    20   0 1124768  91320  59004 R  61,5   4,5   0:34,510 turtlesim+ 
 3143 pardus    20   0 1124768  91320  59004 R  60,0   4,5   0:34,600 turtlesim+ 
 3143 pardus    20   0 1124768  91320  59004 R  76,9   4,5   0:34,700 turtlesim+ 
 3143 pardus    20   0 1124768  91320  59004 R  60,0   4,5   0:34,790 turtlesim+ 
 3143 pardus    20   0 1124768  91320  59004 R  53,8   4,5   0:34,860 turtlesim+ 
 3143 pardus    20   0 1124768  91320  59004 S  71,4   4,5   0:34,960 turtlesim+ 
 3143 pardus    20   0 1124768  91320  59004 S  71,4   4,5   0:35,060 turtlesim+ 
 3143 pardus    20   0 1124768  91320  59004 R  50,0   4,5   0:35,130 turtlesim+ 
 3143 pardus    20   0 1124768  91320  59004 S  50,0   4,5   0:35,200 turtlesim+ 
 3143 pardus    20   0 1124768  91320  59004 S  69,2   4,5   0:35,290 turtlesim+ 
 3143 pardus    20   0 1124768  91320  59004 S  40,0   4,5   0:35,350 turtlesim+ 
 3143 pardus    20   0 1124768  91320  59004 S  61,5   4,5   0:35,430 turtlesim+ 
 3143 pardus    20   0 1124768  91320  59004 S  50,0   4,5   0:35,500 turtlesim+ 
 3143 pardus    20   0 1124768  91320  59004 R  76,9   4,5   0:35,600 turtlesim+ 
 3143 pardus    20   0 1124768  91320  59004 R  50,0   4,5   0:35,680 turtlesim+ 
 3143 pardus    20   0 1124768  91320  59004 S  84,6   4,5   0:35,790 turtlesim+ 
 3143 pardus    20   0 1124768  91320  59004 R  60,0   4,5   0:35,880 turtlesim+ 
 3143 pardus    20   0 1124768  91320  59004 R  50,0   4,5   0:35,960 turtlesim+ 
 3143 pardus    20   0 1124768  91320  59004 S  61,5   4,5   0:36,040 turtlesim+ 
 3143 pardus    20   0 1124768  91320  59004 R  53,8   4,5   0:36,110 turtlesim+ 
 3143 pardus    20   0 1124768  91320  59004 S  84,6   4,5   0:36,220 turtlesim+ 
 3143 pardus    20   0 1124768  91320  59004 R  46,7   4,5   0:36,290 turtlesim+ 
 3143 pardus    20   0 1124768  91320  59004 R  53,8   4,5   0:36,360 turtlesim+ 
 3143 pardus    20   0 1124768  91320  59004 S  69,2   4,5   0:36,450 turtlesim+ 
 3143 pardus    20   0 1124768  91320  59004 S  50,0   4,5   0:36,530 turtlesim+ 
 3143 pardus    20   0 1124768  91320  59004 R  76,9   4,5   0:36,630 turtlesim+ 
 3143 pardus    20   0 1124768  91320  59004 S  57,1   4,5   0:36,710 turtlesim+ 
 3143 pardus    20   0 1124768  91320  59004 S  69,2   4,5   0:36,800 turtlesim+ 
 3143 pardus    20   0 1124768  91320  59004 S  50,0   4,5   0:36,870 turtlesim+ 
 3143 pardus    20   0 1124768  91320  59004 S  84,6   4,5   0:36,980 turtlesim+ 
 3143 pardus    20   0 1124768  91320  59004 R  60,0   4,5   0:37,070 turtlesim+ 
 3143 pardus    20   0 1124768  91320  59004 R  64,3   4,5   0:37,160 turtlesim+ 
 3143 pardus    20   0 1124768  91320  59004 S  64,3   4,5   0:37,250 turtlesim+ 
 3143 pardus    20   0 1124768  91320  59004 S  60,0   4,5   0:37,340 turtlesim+ 
 3143 pardus    20   0 1124768  91320  59004 R  57,1   4,5   0:37,420 turtlesim+ 
 3143 pardus    20   0 1124768  91320  59004 R  69,2   4,5   0:37,510 turtlesim+ 
 3143 pardus    20   0 1124768  91320  59004 R  64,3   4,5   0:37,600 turtlesim+ 
 3143 pardus    20   0 1124768  91320  59004 R  64,3   4,5   0:37,690 turtlesim+ 
 3143 pardus    20   0 1124768  91320  59004 S  76,9   4,5   0:37,790 turtlesim+ 
 3143 pardus    20   0 1124768  91320  59004 R  53,8   4,5   0:37,860 turtlesim+ 
 3143 pardus    20   0 1124768  91320  59004 R  64,3   4,5   0:37,950 turtlesim+ 
 3143 pardus    20   0 1124768  91320  59004 S  84,6   4,5   0:38,060 turtlesim+ 
 3143 pardus    20   0 1124768  91320  59004 R  69,2   4,5   0:38,150 turtlesim+ 
 3143 pardus    20   0 1124768  91320  59004 S  69,2   4,5   0:38,240 turtlesim+ 
 3143 pardus    20   0 1124768  91320  59004 S  46,7   4,5   0:38,310 turtlesim+ 
 3143 pardus    20   0 1124768  91320  59004 R  78,6   4,5   0:38,420 turtlesim+ 
 3143 pardus    20   0 1124768  91320  59004 R  60,0   4,5   0:38,510 turtlesim+ 
 3143 pardus    20   0 1124768  91320  59004 R  71,4   4,5   0:38,610 turtlesim+ 
 3143 pardus    20   0 1124768  91320  59004 R  69,2   4,5   0:38,700 turtlesim+ 
 3143 pardus    20   0 1124768  91320  59004 S  64,3   4,5   0:38,790 turtlesim+ 
 3143 pardus    20   0 1124768  91320  59004 S  92,3   4,5   0:38,910 turtlesim+ 
 3143 pardus    20   0 1124768  91320  59004 R  57,1   4,5   0:38,990 turtlesim+ 
 3143 pardus    20   0 1124768  91320  59004 S  57,1   4,5   0:39,070 turtlesim+ 
 3143 pardus    20   0 1124768  91320  59004 R  66,7   4,5   0:39,170 turtlesim+ 
 3143 pardus    20   0 1124768  91320  59004 S  76,9   4,5   0:39,270 turtlesim+ 
 3143 pardus    20   0 1124768  91320  59004 R  57,1   4,5   0:39,350 turtlesim+ 
 3143 pardus    20   0 1124768  91320  59004 S  64,3   4,5   0:39,440 turtlesim+ 
 3143 pardus    20   0 1124768  91320  59004 S  61,5   4,5   0:39,520 turtlesim+ 
 3143 pardus    20   0 1124768  91320  59004 S  53,8   4,5   0:39,590 turtlesim+ 
 3143 pardus    20   0 1124768  91320  59004 S  61,5   4,5   0:39,670 turtlesim+ 
 3143 pardus    20   0 1124768  91320  59004 R  50,0   4,5   0:39,730 turtlesim+ 
 3143 pardus    20   0 1124768  91320  59004 R  50,0   4,5   0:39,800 turtlesim+ 
 3143 pardus    20   0 1124768  91320  59004 S  71,4   4,5   0:39,900 turtlesim+ 
 3143 pardus    20   0 1124768  91320  59004 R  66,7   4,5   0:40,000 turtlesim+ 
 3143 pardus    20   0 1124768  91320  59004 S  60,0   4,5   0:40,090 turtlesim+ 
 3143 pardus    20   0 1124768  91320  59004 R  69,2   4,5   0:40,180 turtlesim+ 
 3143 pardus    20   0 1124768  91320  59004 R  57,1   4,5   0:40,260 turtlesim+ 
 3143 pardus    20   0 1124768  91320  59004 S  66,7   4,5   0:40,360 turtlesim+ 
 3143 pardus    20   0 1124768  91320  59004 S  57,1   4,5   0:40,440 turtlesim+ 
 3143 pardus    20   0 1124768  91320  59004 R  80,0   4,5   0:40,560 turtlesim+ 
 3143 pardus    20   0 1124768  91320  59004 S  66,7   4,5   0:40,660 turtlesim+ 
 3143 pardus    20   0 1124768  91320  59004 S  66,7   4,5   0:40,760 turtlesim+ 
 3143 pardus    20   0 1124768  91320  59004 R  46,2   4,5   0:40,820 turtlesim+ 
 3143 pardus    20   0 1124768  91320  59004 R  69,2   4,5   0:40,910 turtlesim+ 
 3143 pardus    20   0 1124768  91320  59004 S  42,9   4,5   0:40,970 turtlesim+ 
 3143 pardus    20   0 1124768  91320  59004 S  76,9   4,5   0:41,070 turtlesim+ 
 3143 pardus    20   0 1124768  91320  59004 S  64,3   4,5   0:41,160 turtlesim+ 
 3143 pardus    20   0 1124768  91320  59004 R  64,3   4,5   0:41,250 turtlesim+ 
 3143 pardus    20   0 1124768  91320  59004 S  53,8   4,5   0:41,320 turtlesim+ 
 3143 pardus    20   0 1124768  91320  59004 S  76,9   4,5   0:41,420 turtlesim+ 
 3143 pardus    20   0 1124768  91320  59004 S  53,3   4,5   0:41,500 turtlesim+ 
 3143 pardus    20   0 1124768  91320  59004 R  76,9   4,5   0:41,600 turtlesim+ 
 3143 pardus    20   0 1124768  91320  59004 S  60,0   4,5   0:41,690 turtlesim+ 
 3143 pardus    20   0 1124768  91320  59004 R  53,8   4,5   0:41,760 turtlesim+ 
 3143 pardus    20   0 1124768  91320  59004 R  64,3   4,5   0:41,850 turtlesim+ 
 3143 pardus    20   0 1124768  91320  59004 S  64,3   4,5   0:41,940 turtlesim+ 
 3143 pardus    20   0 1124768  91320  59004 S  61,5   4,5   0:42,020 turtlesim+ 
 3143 pardus    20   0 1124768  91320  59004 R  61,5   4,5   0:42,100 turtlesim+ 
 3143 pardus    20   0 1124768  91320  59004 S  57,1   4,5   0:42,180 turtlesim+ 
 3143 pardus    20   0 1124768  91320  59004 S  69,2   4,5   0:42,270 turtlesim+ 
 3143 pardus    20   0 1124768  91320  59004 S  50,0   4,5   0:42,340 turtlesim+ 
 3143 pardus    20   0 1124768  91320  59004 S  46,2   4,5   0:42,400 turtlesim+ 
 3143 pardus    20   0 1124768  91320  59004 R  76,9   4,5   0:42,500 turtlesim+ 
 3143 pardus    20   0 1124768  91320  59004 R  64,3   4,5   0:42,590 turtlesim+ 
 3143 pardus    20   0 1124768  91320  59004 R  61,5   4,5   0:42,670 turtlesim+ 
 3143 pardus    20   0 1124768  91320  59004 S  61,5   4,5   0:42,750 turtlesim+ 
 3143 pardus    20   0 1124768  91320  59004 R  64,3   4,5   0:42,840 turtlesim+ 
 3143 pardus    20   0 1124768  91320  59004 R  83,3   4,5   0:42,940 turtlesim+ 
 3143 pardus    20   0 1124768  91320  59004 S  64,3   4,5   0:43,030 turtlesim+ 
 3143 pardus    20   0 1124768  91320  59004 S  57,1   4,5   0:43,110 turtlesim+ 
 3143 pardus    20   0 1124768  91320  59004 R  78,6   4,5   0:43,220 turtlesim+ 
 3143 pardus    20   0 1124768  91320  59004 S  60,0   4,5   0:43,310 turtlesim+ 
 3143 pardus    20   0 1124768  91320  59004 S  53,3   4,5   0:43,390 turtlesim+ 
 3143 pardus    20   0 1124768  91320  59004 R  64,3   4,5   0:43,480 turtlesim+ 
 3143 pardus    20   0 1124768  91320  59004 S  71,4   4,5   0:43,580 turtlesim+ 
 3143 pardus    20   0 1124768  91320  59004 S  60,0   4,5   0:43,670 turtlesim+ 
 3143 pardus    20   0 1124768  91320  59004 R  64,3   4,5   0:43,760 turtlesim+ 
 3143 pardus    20   0 1124768  91320  59004 S  71,4   4,5   0:43,860 turtlesim+ 
 3143 pardus    20   0 1124768  91320  59004 S  64,3   4,5   0:43,950 turtlesim+ 
 3143 pardus    20   0 1124768  91320  59004 R  78,6   4,5   0:44,060 turtlesim+ 
 3143 pardus    20   0 1124768  91320  59004 S  73,3   4,5   0:44,170 turtlesim+ 
 3143 pardus    20   0 1124768  91320  59004 R  66,7   4,5   0:44,270 turtlesim+ 
 3143 pardus    20   0 1124768  91320  59004 S  60,0   4,5   0:44,360 turtlesim+ 
 3143 pardus    20   0 1124768  91320  59004 R  71,4   4,5   0:44,460 turtlesim+ 
 3143 pardus    20   0 1124768  91320  59004 S  69,2   4,5   0:44,550 turtlesim+ 
 3143 pardus    20   0 1124768  91320  59004 S  71,4   4,5   0:44,650 turtlesim+ 
 3143 pardus    20   0 1124768  91320  59004 S  61,5   4,5   0:44,730 turtlesim+ 
 3143 pardus    20   0 1124768  91320  59004 S  76,9   4,5   0:44,830 turtlesim+ 
 3143 pardus    20   0 1124768  91320  59004 S  71,4   4,5   0:44,930 turtlesim+ 
 3143 pardus    20   0 1124768  91320  59004 S  60,0   4,5   0:45,020 turtlesim+ 
 3143 pardus    20   0 1124768  91320  59004 S  84,6   4,5   0:45,130 turtlesim+ 
 3143 pardus    20   0 1124768  91320  59004 R  50,0   4,5   0:45,210 turtlesim+ 
 3143 pardus    20   0 1124768  91320  59004 S  53,8   4,5   0:45,280 turtlesim+ 
 3143 pardus    20   0 1124768  91320  59004 S  69,2   4,5   0:45,370 turtlesim+ 
 3143 pardus    20   0 1124768  91320  59004 S  78,6   4,5   0:45,480 turtlesim+ 
 3143 pardus    20   0 1124768  91320  59004 R  69,2   4,5   0:45,570 turtlesim+ 
 3143 pardus    20   0 1124768  91320  59004 R  71,4   4,5   0:45,670 turtlesim+ 
 3143 pardus    20   0 1124768  91320  59004 S  69,2   4,5   0:45,760 turtlesim+ 
 3143 pardus    20   0 1124768  91320  59004 S  64,3   4,5   0:45,850 turtlesim+ 
 3143 pardus    20   0 1124768  91320  59004 S  64,3   4,5   0:45,940 turtlesim+ 
 3143 pardus    20   0 1124768  91320  59004 R  66,7   4,5   0:46,040 turtlesim+ 
 3143 pardus    20   0 1124768  91320  59004 R  57,1   4,5   0:46,120 turtlesim+ 
 3143 pardus    20   0 1124768  91320  59004 R  61,5   4,5   0:46,200 turtlesim+ 
 3143 pardus    20   0 1124768  91320  59004 R  76,9   4,5   0:46,300 turtlesim+ 
 3143 pardus    20   0 1124768  91320  59004 S  60,0   4,5   0:46,390 turtlesim+ 
 3143 pardus    20   0 1124768  91320  59004 R  76,9   4,5   0:46,490 turtlesim+ 
 3143 pardus    20   0 1124768  91320  59004 R  50,0   4,5   0:46,560 turtlesim+ 
 3143 pardus    20   0 1124768  91320  59004 S  61,5   4,5   0:46,640 turtlesim+ 
 3143 pardus    20   0 1124768  91320  59004 R  66,7   4,5   0:46,740 turtlesim+ 
 3143 pardus    20   0 1124768  91320  59004 S  69,2   4,5   0:46,830 turtlesim+ 
 3143 pardus    20   0 1124768  91320  59004 S  69,2   4,5   0:46,920 turtlesim+ 
 3143 pardus    20   0 1124768  91320  59004 R  50,0   4,5   0:46,990 turtlesim+ 
 3143 pardus    20   0 1124768  91320  59004 S  53,3   4,5   0:47,070 turtlesim+ 
 3143 pardus    20   0 1124768  91320  59004 R  76,9   4,5   0:47,170 turtlesim+ 
 3143 pardus    20   0 1124768  91320  59004 S  71,4   4,5   0:47,270 turtlesim+ 
 3143 pardus    20   0 1124768  91320  59004 R  66,7   4,5   0:47,370 turtlesim+ 
 3143 pardus    20   0 1124768  91320  59004 R  76,9   4,5   0:47,470 turtlesim+ 
 3143 pardus    20   0 1124768  91320  59004 S  64,3   4,5   0:47,560 turtlesim+ 
 3143 pardus    20   0 1124768  91320  59004 R  69,2   4,5   0:47,650 turtlesim+ 
 3143 pardus    20   0 1124768  91320  59004 R  69,2   4,5   0:47,740 turtlesim+ 
 3143 pardus    20   0 1124768  91320  59004 R  76,9   4,5   0:47,840 turtlesim+ 
 3143 pardus    20   0 1124768  91320  59004 S  61,5   4,5   0:47,920 turtlesim+ 
 3143 pardus    20   0 1124768  91320  59004 S  71,4   4,5   0:48,020 turtlesim+ 
 3143 pardus    20   0 1124768  91320  59004 R  76,9   4,5   0:48,120 turtlesim+ 
 3143 pardus    20   0 1124768  91320  59004 R  62,5   4,5   0:48,220 turtlesim+ 
 3143 pardus    20   0 1124768  91320  59004 R  71,4   4,5   0:48,320 turtlesim+ 
 3143 pardus    20   0 1124768  91320  59004 S  60,0   4,5   0:48,410 turtlesim+ 
 3143 pardus    20   0 1124768  91320  59004 R  68,8   4,5   0:48,520 turtlesim+ 
 3143 pardus    20   0 1124768  91320  59004 R  69,2   4,5   0:48,610 turtlesim+ 
 3143 pardus    20   0 1124768  91320  59004 R  76,9   4,5   0:48,710 turtlesim+ 
 3143 pardus    20   0 1124768  91320  59004 S  57,1   4,5   0:48,790 turtlesim+ 
 3143 pardus    20   0 1124768  91320  59004 S  78,6   4,5   0:48,900 turtlesim+ 
 3143 pardus    20   0 1124768  91320  59004 S  75,0   4,5   0:49,020 turtlesim+ 
 3143 pardus    20   0 1124768  91320  59004 S  64,3   4,5   0:49,110 turtlesim+ 
 3143 pardus    20   0 1124768  91320  59004 S  50,0   4,5   0:49,180 turtlesim+ 
 3143 pardus    20   0 1124768  91320  59004 R  69,2   4,5   0:49,270 turtlesim+ 
 3143 pardus    20   0 1124768  91320  59004 R  64,3   4,5   0:49,360 turtlesim+ 
 3143 pardus    20   0 1124768  91320  59004 R  57,1   4,5   0:49,440 turtlesim+ 
 3143 pardus    20   0 1124768  91320  59004 S  76,9   4,5   0:49,540 turtlesim+ 
 3143 pardus    20   0 1124768  91320  59004 S  64,3   4,5   0:49,630 turtlesim+ 
 3143 pardus    20   0 1124768  91320  59004 R  64,3   4,5   0:49,720 turtlesim+ 
 3143 pardus    20   0 1124768  91320  59004 R  69,2   4,5   0:49,810 turtlesim+ 
 3143 pardus    20   0 1124768  91320  59004 S  69,2   4,5   0:49,900 turtlesim+ 
 3143 pardus    20   0 1124768  91320  59004 S  57,1   4,5   0:49,980 turtlesim+ 
 3143 pardus    20   0 1124768  91320  59004 S  69,2   4,5   0:50,070 turtlesim+ 
 3143 pardus    20   0 1124768  91320  59004 R  71,4   4,5   0:50,170 turtlesim+ 
 3143 pardus    20   0 1124768  91320  59004 R  60,0   4,5   0:50,260 turtlesim+ 
 3143 pardus    20   0 1124768  91320  59004 S  76,9   4,5   0:50,360 turtlesim+ 
 3143 pardus    20   0 1124768  91320  59004 S  64,3   4,5   0:50,450 turtlesim+ 
 3143 pardus    20   0 1124768  91320  59004 S  57,1   4,5   0:50,530 turtlesim+ 
 3143 pardus    20   0 1124768  91320  59004 S  92,3   4,5   0:50,650 turtlesim+ 
 3143 pardus    20   0 1124768  91320  59004 R  64,3   4,5   0:50,740 turtlesim+ 
 3143 pardus    20   0 1124768  91320  59004 S  85,7   4,5   0:50,860 turtlesim+ 
 3143 pardus    20   0 1124768  91320  59004 R  68,8   4,5   0:50,970 turtlesim+ 
 3143 pardus    20   0 1124768  91320  59004 R  64,3   4,5   0:51,060 turtlesim+ 
 3143 pardus    20   0 1124768  91320  59004 S  57,1   4,5   0:51,140 turtlesim+ 
 3143 pardus    20   0 1124768  91320  59004 S  76,9   4,5   0:51,240 turtlesim+ 
 3143 pardus    20   0 1124768  91320  59004 R  64,3   4,5   0:51,330 turtlesim+ 
 3143 pardus    20   0 1124768  91320  59004 S  53,8   4,5   0:51,400 turtlesim+ 
 3143 pardus    20   0 1124768  91320  59004 S  64,3   4,5   0:51,490 turtlesim+ 
 3143 pardus    20   0 1124768  91320  59004 S  66,7   4,5   0:51,590 turtlesim+ 
 3143 pardus    20   0 1124768  91320  59004 R  57,1   4,5   0:51,670 turtlesim+ 
 3143 pardus    20   0 1124768  91320  59004 S  71,4   4,5   0:51,770 turtlesim+ 
 3143 pardus    20   0 1124768  91320  59004 S  64,3   4,5   0:51,860 turtlesim+ 
 3143 pardus    20   0 1124768  91320  59004 S  71,4   4,5   0:51,960 turtlesim+ 
 3143 pardus    20   0 1124768  91320  59004 R  64,3   4,5   0:52,050 turtlesim+ 
 3143 pardus    20   0 1124768  91320  59004 R  69,2   4,5   0:52,140 turtlesim+ 
 3143 pardus    20   0 1124768  91320  59004 S  80,0   4,5   0:52,260 turtlesim+ 
 3143 pardus    20   0 1124768  91320  59004 R  57,1   4,5   0:52,340 turtlesim+ 
 3143 pardus    20   0 1124768  91320  59004 S  76,9   4,5   0:52,440 turtlesim+ 
 3143 pardus    20   0 1124768  91320  59004 R  69,2   4,5   0:52,530 turtlesim+ 
 3143 pardus    20   0 1124768  91320  59004 S  78,6   4,5   0:52,640 turtlesim+ 
 3143 pardus    20   0 1124768  91320  59004 S  64,3   4,5   0:52,730 turtlesim+ 
 3143 pardus    20   0 1124768  91320  59004 R  76,9   4,5   0:52,830 turtlesim+ 
 3143 pardus    20   0 1124768  91320  59004 S  78,6   4,5   0:52,940 turtlesim+ 
 3143 pardus    20   0 1124768  91320  59004 R  69,2   4,5   0:53,030 turtlesim+ 
 3143 pardus    20   0 1124768  91320  59004 R  71,4   4,5   0:53,130 turtlesim+ 
 3143 pardus    20   0 1124768  91320  59004 S  78,6   4,5   0:53,240 turtlesim+ 
 3143 pardus    20   0 1124768  91320  59004 R  57,1   4,5   0:53,320 turtlesim+ 
 3143 pardus    20   0 1124768  91320  59004 R  66,7   4,5   0:53,420 turtlesim+ 
 3143 pardus    20   0 1124768  91320  59004 R  66,7   4,5   0:53,520 turtlesim+ 
 3143 pardus    20   0 1124768  91320  59004 S  66,7   4,5   0:53,620 turtlesim+ 
 3143 pardus    20   0 1124768  91320  59004 R  71,4   4,5   0:53,720 turtlesim+ 
 3143 pardus    20   0 1124768  91320  59004 R  57,1   4,5   0:53,800 turtlesim+ 
 3143 pardus    20   0 1124768  91320  59004 R  84,6   4,5   0:53,910 turtlesim+ 
 3143 pardus    20   0 1124768  91320  59004 S  60,0   4,5   0:54,000 turtlesim+ 
 3143 pardus    20   0 1124768  91320  59004 R  64,3   4,5   0:54,090 turtlesim+ 
 3143 pardus    20   0 1124768  91320  59004 S  69,2   4,5   0:54,180 turtlesim+ 
 3143 pardus    20   0 1124768  91320  59004 S  73,3   4,5   0:54,290 turtlesim+ 
 3143 pardus    20   0 1124768  91320  59004 S  60,0   4,5   0:54,380 turtlesim+ 
 3143 pardus    20   0 1124768  91320  59004 R  71,4   4,5   0:54,480 turtlesim+ 
 3143 pardus    20   0 1124768  91320  59004 R  57,1   4,5   0:54,560 turtlesim+ 
 3143 pardus    20   0 1124768  91320  59004 S  61,5   4,5   0:54,640 turtlesim+ 
 3143 pardus    20   0 1124768  91320  59004 R  69,2   4,5   0:54,730 turtlesim+ 
 3143 pardus    20   0 1124768  91320  59004 R  64,3   4,5   0:54,820 turtlesim+ 
 3143 pardus    20   0 1124768  91320  59004 S  64,3   4,5   0:54,910 turtlesim+ 
 3143 pardus    20   0 1124768  91320  59004 R  60,0   4,5   0:55,000 turtlesim+ 
 3143 pardus    20   0 1124768  91320  59004 S  66,7   4,5   0:55,100 turtlesim+ 
 3143 pardus    20   0 1124768  91320  59004 R  69,2   4,5   0:55,190 turtlesim+ 
 3143 pardus    20   0 1124768  91320  59004 S  50,0   4,5   0:55,260 turtlesim+ 
 3143 pardus    20   0 1124768  91320  59004 R  64,3   4,5   0:55,350 turtlesim+ 
 3143 pardus    20   0 1124768  91320  59004 R  85,7   4,5   0:55,470 turtlesim+ 
 3143 pardus    20   0 1124768  91320  59004 R  66,7   4,5   0:55,570 turtlesim+ 
 3143 pardus    20   0 1124768  91320  59004 R  58,8   4,5   0:55,670 turtlesim+ 
 3143 pardus    20   0 1124768  91320  59004 R  84,6   4,5   0:55,780 turtlesim+ 
 3143 pardus    20   0 1124768  91320  59004 S  66,7   4,5   0:55,880 turtlesim+ 
 3143 pardus    20   0 1124768  91320  59004 S  50,0   4,5   0:55,960 turtlesim+ 
 3143 pardus    20   0 1124768  91320  59004 S  53,8   4,5   0:56,030 turtlesim+ 
 3143 pardus    20   0 1124768  91320  59004 R  69,2   4,5   0:56,120 turtlesim+ 
 3143 pardus    20   0 1124768  91320  59004 R  92,3   4,5   0:56,240 turtlesim+ 
 3143 pardus    20   0 1124768  91320  59004 S  60,0   4,5   0:56,330 turtlesim+ 
 3143 pardus    20   0 1124768  91320  59004 R  76,9   4,5   0:56,430 turtlesim+ 
 3143 pardus    20   0 1124768  91320  59004 R  71,4   4,5   0:56,530 turtlesim+ 
 3143 pardus    20   0 1124768  91320  59004 R  69,2   4,5   0:56,620 turtlesim+ 
 3143 pardus    20   0 1124768  91320  59004 R  76,9   4,5   0:56,720 turtlesim+ 
 3143 pardus    20   0 1124768  91320  59004 R  66,7   4,5   0:56,820 turtlesim+ 
 3143 pardus    20   0 1124768  91320  59004 S  69,2   4,5   0:56,910 turtlesim+ 
 3143 pardus    20   0 1124768  91320  59004 R  46,2   4,5   0:56,970 turtlesim+ 
 3143 pardus    20   0 1124768  91320  59004 R  76,9   4,5   0:57,070 turtlesim+ 
 3143 pardus    20   0 1124768  91320  59004 R  60,0   4,5   0:57,160 turtlesim+ 
 3143 pardus    20   0 1124768  91320  59004 S  76,9   4,5   0:57,260 turtlesim+ 
 3143 pardus    20   0 1124768  91320  59004 R  66,7   4,5   0:57,360 turtlesim+ 
 3143 pardus    20   0 1124768  91320  59004 S  60,0   4,5   0:57,450 turtlesim+ 
 3143 pardus    20   0 1124768  91320  59004 R  73,3   4,5   0:57,560 turtlesim+ 
 3143 pardus    20   0 1124768  91320  59004 R  71,4   4,5   0:57,660 turtlesim+ 
 3143 pardus    20   0 1124768  91320  59004 S  78,6   4,5   0:57,770 turtlesim+ 
 3143 pardus    20   0 1124768  91320  59004 S  57,1   4,5   0:57,850 turtlesim+ 
 3143 pardus    20   0 1124768  91320  59004 R  46,2   4,5   0:57,910 turtlesim+ 
 3143 pardus    20   0 1124768  91320  59004 S  53,8   4,5   0:57,980 turtlesim+ 
 3143 pardus    20   0 1124768  91320  59004 S  57,1   4,5   0:58,060 turtlesim+ 
 3143 pardus    20   0 1124768  91320  59004 R  46,2   4,5   0:58,120 turtlesim+ 
 3143 pardus    20   0 1124768  91320  59004 S  69,2   4,5   0:58,210 turtlesim+ 
 3143 pardus    20   0 1124768  91320  59004 R  61,5   4,5   0:58,290 turtlesim+ 
 3143 pardus    20   0 1124768  91320  59004 R  61,5   4,5   0:58,370 turtlesim+ 
 3143 pardus    20   0 1124768  91320  59004 R  60,0   4,5   0:58,460 turtlesim+ 
 3143 pardus    20   0 1124768  91320  59004 S  57,1   4,5   0:58,540 turtlesim+ 
 3143 pardus    20   0 1124768  91320  59004 R  64,3   4,5   0:58,630 turtlesim+ 
 3143 pardus    20   0 1124768  91320  59004 S  69,2   4,5   0:58,720 turtlesim+ 
 3143 pardus    20   0 1124768  91320  59004 S  64,3   4,5   0:58,810 turtlesim+ 
 3143 pardus    20   0 1124768  91320  59004 R  61,5   4,5   0:58,890 turtlesim+ 
 3143 pardus    20   0 1124768  91320  59004 R  61,5   4,5   0:58,970 turtlesim+ 
 3143 pardus    20   0 1124768  91320  59004 R  71,4   4,5   0:59,070 turtlesim+ 
 3143 pardus    20   0 1124768  91320  59004 S  61,5   4,5   0:59,150 turtlesim+ 
 3143 pardus    20   0 1124768  91320  59004 R  71,4   4,5   0:59,250 turtlesim+ 
 3143 pardus    20   0 1124768  91320  59004 R  76,9   4,5   0:59,350 turtlesim+ 
 3143 pardus    20   0 1124768  91320  59004 R  92,9   4,5   0:59,480 turtlesim+ 
 3143 pardus    20   0 1124768  91320  59004 S  62,5   4,5   0:59,580 turtlesim+ 
 3143 pardus    20   0 1124768  91320  59004 R  57,1   4,5   0:59,660 turtlesim+ 
 3143 pardus    20   0 1124768  91320  59004 S  66,7   4,5   0:59,760 turtlesim+ 
 3143 pardus    20   0 1124768  91320  59004 R  53,3   4,5   0:59,840 turtlesim+ 
 3143 pardus    20   0 1124768  91320  59004 S  69,2   4,5   0:59,930 turtlesim+ 
 3143 pardus    20   0 1124768  91320  59004 S  78,6   4,5   1:00,040 turtlesim+ 
 3143 pardus    20   0 1124768  91320  59004 S  76,9   4,5   1:00,140 turtlesim+ 
 3143 pardus    20   0 1124768  91320  59004 R  85,7   4,5   1:00,260 turtlesim+ 
 3143 pardus    20   0 1124768  91320  59004 R  75,0   4,5   1:00,380 turtlesim+ 
 3143 pardus    20   0 1124768  91320  59004 R  68,8   4,5   1:00,490 turtlesim+ 
 3143 pardus    20   0 1124768  91320  59004 R  85,7   4,5   1:00,610 turtlesim+ 
 3143 pardus    20   0 1124768  91320  59004 R  66,7   4,5   1:00,710 turtlesim+ 
 3143 pardus    20   0 1124768  91320  59004 S  85,7   4,5   1:00,830 turtlesim+ 
 3143 pardus    20   0 1124768  91320  59004 R  84,6   4,5   1:00,940 turtlesim+ 
 3143 pardus    20   0 1124768  91320  59004 S  40,0   4,5   1:01,000 turtlesim+ 
 3143 pardus    20   0 1124768  91320  59004 R  71,4   4,5   1:01,100 turtlesim+ 
 3143 pardus    20   0 1124768  91320  59004 S  64,3   4,5   1:01,190 turtlesim+ 
 3143 pardus    20   0 1124768  91320  59004 R  50,0   4,5   1:01,260 turtlesim+ 
 3143 pardus    20   0 1124768  91320  59004 R  92,3   4,5   1:01,380 turtlesim+ 
 3143 pardus    20   0 1124768  91320  59004 R  57,1   4,5   1:01,460 turtlesim+ 
 3143 pardus    20   0 1124768  91320  59004 R  76,9   4,5   1:01,560 turtlesim+ 
 3143 pardus    20   0 1124768  91320  59004 S  62,5   4,5   1:01,660 turtlesim+ 
 3143 pardus    20   0 1124768  91320  59004 S  61,5   4,5   1:01,740 turtlesim+ 
 3143 pardus    20   0 1124768  91320  59004 S  84,6   4,5   1:01,850 turtlesim+ 
 3143 pardus    20   0 1124768  91320  59004 S  68,8   4,5   1:01,960 turtlesim+ 
 3143 pardus    20   0 1124768  91320  59004 S  50,0   4,5   1:02,030 turtlesim+ 
 3143 pardus    20   0 1124768  91320  59004 R  76,9   4,5   1:02,130 turtlesim+ 
 3143 pardus    20   0 1124768  91320  59004 S  69,2   4,5   1:02,220 turtlesim+ 
 3143 pardus    20   0 1124768  91320  59004 R  56,2   4,5   1:02,310 turtlesim+ 
 3143 pardus    20   0 1124768  91320  59004 S  69,2   4,5   1:02,400 turtlesim+ 
 3143 pardus    20   0 1124768  91320  59004 R  69,2   4,5   1:02,490 turtlesim+ 
 3143 pardus    20   0 1124768  91320  59004 R  61,5   4,5   1:02,570 turtlesim+ 
 3143 pardus    20   0 1124768  91320  59004 R  50,0   4,5   1:02,640 turtlesim+ 
 3143 pardus    20   0 1124768  91320  59004 S  84,6   4,5   1:02,750 turtlesim+ 
 3143 pardus    20   0 1124768  91320  59004 S  64,3   4,5   1:02,840 turtlesim+ 
 3143 pardus    20   0 1124768  91320  59004 R  61,5   4,5   1:02,920 turtlesim+ 
 3143 pardus    20   0 1124768  91320  59004 S  61,5   4,5   1:03,000 turtlesim+ 
 3143 pardus    20   0 1124768  91320  59004 R  69,2   4,5   1:03,090 turtlesim+ 
 3143 pardus    20   0 1124768  91320  59004 R  76,9   4,5   1:03,190 turtlesim+ 
 3143 pardus    20   0 1124768  91320  59004 R  60,0   4,5   1:03,280 turtlesim+ 
 3143 pardus    20   0 1124768  91320  59004 R  76,9   4,5   1:03,380 turtlesim+ 
 3143 pardus    20   0 1124768  91320  59004 R  57,1   4,5   1:03,460 turtlesim+ 
 3143 pardus    20   0 1124768  91320  59004 S  61,5   4,5   1:03,540 turtlesim+ 
 3143 pardus    20   0 1124768  91320  59004 R  57,1   4,5   1:03,620 turtlesim+ 
 3143 pardus    20   0 1124768  91320  59004 R  75,0   4,5   1:03,710 turtlesim+ 
 3143 pardus    20   0 1124768  91320  59004 S  64,3   4,5   1:03,800 turtlesim+ 
 3143 pardus    20   0 1124768  91320  59004 R  61,5   4,5   1:03,880 turtlesim+ 
 3143 pardus    20   0 1124768  91320  59004 R  75,0   4,5   1:03,970 turtlesim+ 
 3143 pardus    20   0 1124768  91320  59004 S  84,6   4,5   1:04,080 turtlesim+ 
 3143 pardus    20   0 1124768  91320  59004 R  57,1   4,5   1:04,160 turtlesim+ 
 3143 pardus    20   0 1124768  91320  59004 S 100,0   4,5   1:04,290 turtlesim+ 
 3143 pardus    20   0 1124768  91320  59004 R  62,5   4,5   1:04,390 turtlesim+ 
 3143 pardus    20   0 1124768  91320  59004 R  66,7   4,5   1:04,490 turtlesim+ 
 3143 pardus    20   0 1124768  91320  59004 R  71,4   4,5   1:04,590 turtlesim+ 
 3143 pardus    20   0 1124768  91320  59004 S  69,2   4,5   1:04,680 turtlesim+ 
 3143 pardus    20   0 1124768  91320  59004 R  60,0   4,5   1:04,770 turtlesim+ 
 3143 pardus    20   0 1124768  91320  59004 R  85,7   4,5   1:04,890 turtlesim+ 
 3143 pardus    20   0 1124768  91320  59004 R  64,3   4,5   1:04,980 turtlesim+ 
 3143 pardus    20   0 1124768  91320  59004 R  71,4   4,5   1:05,080 turtlesim+ 
 3143 pardus    20   0 1124768  91320  59004 R  71,4   4,5   1:05,180 turtlesim+ 
 3143 pardus    20   0 1124768  91320  59004 S  84,6   4,5   1:05,290 turtlesim+ 
 3143 pardus    20   0 1124768  91320  59004 S  64,3   4,5   1:05,380 turtlesim+ 
 3143 pardus    20   0 1124768  91320  59004 R  84,6   4,5   1:05,490 turtlesim+ 
 3143 pardus    20   0 1124768  91320  59004 S  60,0   4,5   1:05,580 turtlesim+ 
 3143 pardus    20   0 1124768  91320  59004 R  50,0   4,5   1:05,650 turtlesim+ 
 3143 pardus    20   0 1124768  91320  59004 R  42,9   4,5   1:05,710 turtlesim+ 
 3143 pardus    20   0 1124768  91320  59004 S  38,5   4,5   1:05,760 turtlesim+ 
 3143 pardus    20   0 1124768  91320  59004 S  53,8   4,5   1:05,830 turtlesim+ 
 3143 pardus    20   0 1124768  91320  59004 R  53,8   4,5   1:05,900 turtlesim+ 
 3143 pardus    20   0 1124768  91320  59004 R  46,2   4,5   1:05,960 turtlesim+ 
 3143 pardus    20   0 1124768  91320  59004 S  42,9   4,5   1:06,020 turtlesim+ 
 3143 pardus    20   0 1124768  91320  59004 R  46,2   4,5   1:06,080 turtlesim+ 
 3143 pardus    20   0 1124768  91320  59004 R  66,7   4,5   1:06,160 turtlesim+ 
 3143 pardus    20   0 1124768  91320  59004 S  53,3   4,5   1:06,240 turtlesim+ 
 3143 pardus    20   0 1124768  91320  59004 R  42,9   4,5   1:06,300 turtlesim+ 
 3143 pardus    20   0 1124768  91320  59004 R  61,5   4,5   1:06,380 turtlesim+ 
 3143 pardus    20   0 1124768  91320  59004 R  53,8   4,5   1:06,450 turtlesim+ 
 3143 pardus    20   0 1124768  91320  59004 S  46,2   4,5   1:06,510 turtlesim+ 
 3143 pardus    20   0 1124768  91320  59004 S  53,8   4,5   1:06,580 turtlesim+ 
 3143 pardus    20   0 1124768  91320  59004 S  53,8   4,5   1:06,650 turtlesim+ 
 3143 pardus    20   0 1124768  91320  59004 R  53,8   4,5   1:06,720 turtlesim+ 
 3143 pardus    20   0 1124768  91320  59004 S  53,8   4,5   1:06,790 turtlesim+ 
 3143 pardus    20   0 1124768  91320  59004 S  46,2   4,5   1:06,850 turtlesim+ 
 3143 pardus    20   0 1124768  91320  59004 S  53,8   4,5   1:06,920 turtlesim+ 
 3143 pardus    20   0 1124768  91320  59004 R  53,8   4,5   1:06,990 turtlesim+ 
 3143 pardus    20   0 1124768  91320  59004 S  53,8   4,5   1:07,060 turtlesim+ 
 3143 pardus    20   0 1124768  91320  59004 S  66,7   4,5   1:07,140 turtlesim+ 
 3143 pardus    20   0 1124768  91320  59004 S  42,9   4,5   1:07,200 turtlesim+ 
 3143 pardus    20   0 1124768  91320  59004 R  46,2   4,5   1:07,260 turtlesim+ 
 3143 pardus    20   0 1124768  91320  59004 S  46,2   4,5   1:07,320 turtlesim+ 
 3143 pardus    20   0 1124768  91320  59004 R  53,8   4,5   1:07,390 turtlesim+ 
 3143 pardus    20   0 1124768  91320  59004 S  53,8   4,5   1:07,460 turtlesim+ 
 3143 pardus    20   0 1124768  91320  59004 R  50,0   4,5   1:07,530 turtlesim+ 
 3143 pardus    20   0 1124768  91320  59004 R  61,5   4,5   1:07,610 turtlesim+ 
 3143 pardus    20   0 1124768  91320  59004 S  46,2   4,5   1:07,670 turtlesim+ 
 3143 pardus    20   0 1124768  91320  59004 R  53,8   4,5   1:07,740 turtlesim+ 
 3143 pardus    20   0 1124768  91320  59004 R  58,3   4,5   1:07,810 turtlesim+ 
 3143 pardus    20   0 1124768  91320  59004 R  35,7   4,5   1:07,860 turtlesim+ 
 3143 pardus    20   0 1124768  91320  59004 R  53,8   4,5   1:07,930 turtlesim+ 
 3143 pardus    20   0 1124768  91320  59004 S  61,5   4,5   1:08,010 turtlesim+ 
 3143 pardus    20   0 1124768  91320  59004 S  30,8   4,5   1:08,050 turtlesim+ 
 3143 pardus    20   0 1124768  91320  59004 S  69,2   4,5   1:08,140 turtlesim+ 
 3143 pardus    20   0 1124768  91320  59004 S  50,0   4,5   1:08,210 turtlesim+ 
 3143 pardus    20   0 1124768  91320  59004 S  53,8   4,5   1:08,280 turtlesim+ 
 3143 pardus    20   0 1124768  91320  59004 R  69,2   4,5   1:08,370 turtlesim+ 
 3143 pardus    20   0 1124768  91320  59004 S  50,0   4,5   1:08,440 turtlesim+ 
 3143 pardus    20   0 1124768  91320  59004 S  50,0   4,5   1:08,500 turtlesim+ 
 3143 pardus    20   0 1124768  91320  59004 R  46,2   4,5   1:08,560 turtlesim+ 
 3143 pardus    20   0 1124768  91320  59004 R  42,9   4,5   1:08,620 turtlesim+ 
 3143 pardus    20   0 1124768  91320  59004 R  66,7   4,5   1:08,700 turtlesim+ 
 3143 pardus    20   0 1124768  91320  59004 R  57,1   4,5   1:08,780 turtlesim+ 
 3143 pardus    20   0 1124768  91320  59004 S  46,2   4,5   1:08,840 turtlesim+ 
 3143 pardus    20   0 1124768  91320  59004 S  46,2   4,5   1:08,900 turtlesim+ 
 3143 pardus    20   0 1124768  91320  59004 R  53,8   4,5   1:08,970 turtlesim+ 
 3143 pardus    20   0 1124768  91320  59004 S  38,5   4,5   1:09,020 turtlesim+ 
 3143 pardus    20   0 1124768  91320  59004 S  75,0   4,5   1:09,110 turtlesim+ 
 3143 pardus    20   0 1124768  91320  59004 R  50,0   4,5   1:09,180 turtlesim+ 
 3143 pardus    20   0 1124768  91320  59004 S  53,8   4,5   1:09,250 turtlesim+ 
 3143 pardus    20   0 1124768  91320  59004 R  61,5   4,5   1:09,330 turtlesim+ 
 3143 pardus    20   0 1124768  91320  59004 R  38,5   4,5   1:09,380 turtlesim+ 
 3143 pardus    20   0 1124768  91320  59004 R  66,7   4,5   1:09,460 turtlesim+ 
 3143 pardus    20   0 1124768  91320  59004 S  53,8   4,5   1:09,530 turtlesim+ 
 3143 pardus    20   0 1124768  91320  59004 R  53,3   4,5   1:09,610 turtlesim+ 
 3143 pardus    20   0 1124768  91320  59004 R  42,9   4,5   1:09,670 turtlesim+ 
 3143 pardus    20   0 1124768  91320  59004 S  58,3   4,5   1:09,740 turtlesim+ 
 3143 pardus    20   0 1124768  91320  59004 S  57,1   4,5   1:09,820 turtlesim+ 
 3143 pardus    20   0 1124768  91320  59004 R  50,0   4,5   1:09,890 turtlesim+ 
 3143 pardus    20   0 1124768  91320  59004 R  46,2   4,5   1:09,950 turtlesim+ 
 3143 pardus    20   0 1124768  91320  59004 R  42,9   4,5   1:10,010 turtlesim+ 
 3143 pardus    20   0 1124768  91320  59004 S  61,5   4,5   1:10,090 turtlesim+ 
 3143 pardus    20   0 1124768  91320  59004 S  46,2   4,5   1:10,150 turtlesim+ 
 3143 pardus    20   0 1124768  91320  59004 S  53,8   4,5   1:10,220 turtlesim+ 
 3143 pardus    20   0 1124768  91320  59004 R  69,2   4,5   1:10,310 turtlesim+ 
 3143 pardus    20   0 1124768  91320  59004 R  35,7   4,5   1:10,360 turtlesim+ 
 3143 pardus    20   0 1124768  91320  59004 S  66,7   4,5   1:10,440 turtlesim+ 
 3143 pardus    20   0 1124768  91320  59004 S  40,0   4,5   1:10,500 turtlesim+ 
 3143 pardus    20   0 1124768  91320  59004 S  42,9   4,5   1:10,560 turtlesim+ 
 3143 pardus    20   0 1124768  91320  59004 S  60,0   4,5   1:10,650 turtlesim+ 
 3143 pardus    20   0 1124768  91320  59004 R  57,1   4,5   1:10,730 turtlesim+ 
 3143 pardus    20   0 1124768  91320  59004 S  40,0   4,5   1:10,790 turtlesim+ 
 3143 pardus    20   0 1124768  91320  59004 R  57,1   4,5   1:10,870 turtlesim+ 
 3143 pardus    20   0 1124768  91320  59004 R  46,2   4,5   1:10,930 turtlesim+ 
 3143 pardus    20   0 1124768  91320  59004 S  64,3   4,5   1:11,020 turtlesim+ 
 3143 pardus    20   0 1124768  91320  59004 S  43,8   4,5   1:11,090 turtlesim+ 
 3143 pardus    20   0 1124768  91320  59004 S  42,9   4,5   1:11,150 turtlesim+ 
 3143 pardus    20   0 1124768  91320  59004 S  53,8   4,5   1:11,220 turtlesim+ 
 3143 pardus    20   0 1124768  91320  59004 R  50,0   4,5   1:11,290 turtlesim+ 
 3143 pardus    20   0 1124768  91320  59004 S  50,0   4,5   1:11,360 turtlesim+ 
 3143 pardus    20   0 1124768  91320  59004 R  46,7   4,5   1:11,430 turtlesim+ 
 3143 pardus    20   0 1124768  91320  59004 S  53,8   4,5   1:11,500 turtlesim+ 
 3143 pardus    20   0 1124768  91320  59004 R  50,0   4,5   1:11,560 turtlesim+ 
 3143 pardus    20   0 1124768  91320  59004 R  61,5   4,5   1:11,640 turtlesim+ 
 3143 pardus    20   0 1124768  91320  59004 R  50,0   4,5   1:11,710 turtlesim+ 
 3143 pardus    20   0 1124768  91320  59004 S  53,8   4,5   1:11,780 turtlesim+ 
 3143 pardus    20   0 1124768  91320  59004 S  38,5   4,5   1:11,830 turtlesim+ 
 3143 pardus    20   0 1124768  91320  59004 S  53,8   4,5   1:11,900 turtlesim+ 
 3143 pardus    20   0 1124768  91320  59004 R  53,8   4,5   1:11,970 turtlesim+ 
 3143 pardus    20   0 1124768  91320  59004 S  38,5   4,5   1:12,020 turtlesim+ 
 3143 pardus    20   0 1124768  91320  59004 S  66,7   4,5   1:12,100 turtlesim+ 
 3143 pardus    20   0 1124768  91320  59004 R  35,7   4,5   1:12,150 turtlesim+ 
 3143 pardus    20   0 1124768  91320  59004 S  53,8   4,5   1:12,220 turtlesim+ 
 3143 pardus    20   0 1124768  91320  59004 S  38,5   4,5   1:12,270 turtlesim+ 
 3143 pardus    20   0 1124768  91320  59004 R  61,5   4,5   1:12,350 turtlesim+ 
 3143 pardus    20   0 1124768  91320  59004 S  53,8   4,5   1:12,420 turtlesim+ 
 3143 pardus    20   0 1124768  91320  59004 R  53,8   4,5   1:12,490 turtlesim+ 
 3143 pardus    20   0 1124768  91320  59004 R  46,2   4,5   1:12,550 turtlesim+ 
 3143 pardus    20   0 1124768  91320  59004 R  46,2   4,5   1:12,610 turtlesim+ 
 3143 pardus    20   0 1124768  91320  59004 S  61,5   4,5   1:12,690 turtlesim+ 
 3143 pardus    20   0 1124768  91320  59004 S  53,8   4,5   1:12,760 turtlesim+ 
 3143 pardus    20   0 1124768  91320  59004 S  46,2   4,5   1:12,820 turtlesim+ 
 3143 pardus    20   0 1124768  91320  59004 R  53,8   4,5   1:12,890 turtlesim+ 
 3143 pardus    20   0 1124768  91320  59004 S  50,0   4,5   1:12,950 turtlesim+ 
 3143 pardus    20   0 1124768  91320  59004 S  57,1   4,5   1:13,030 turtlesim+ 
 3143 pardus    20   0 1124768  91320  59004 R  57,1   4,5   1:13,110 turtlesim+ 
 3143 pardus    20   0 1124768  91320  59004 S  57,1   4,5   1:13,190 turtlesim+ 
 3143 pardus    20   0 1124768  91320  59004 R  61,5   4,5   1:13,270 turtlesim+ 
 3143 pardus    20   0 1124768  91320  59004 S  46,7   4,5   1:13,340 turtlesim+ 
 3143 pardus    20   0 1124768  91320  59004 S  50,0   4,5   1:13,410 turtlesim+ 
 3143 pardus    20   0 1124768  91320  59004 S  35,7   4,5   1:13,460 turtlesim+ 
 3143 pardus    20   0 1124768  91320  59004 S  57,1   4,5   1:13,540 turtlesim+ 
 3143 pardus    20   0 1124768  91320  59004 R  53,3   4,5   1:13,620 turtlesim+ 
 3143 pardus    20   0 1124768  91320  59004 R  53,3   4,5   1:13,700 turtlesim+ 
 3143 pardus    20   0 1124768  91320  59004 R  53,8   4,5   1:13,770 turtlesim+ 
 3143 pardus    20   0 1124768  91320  59004 R  57,1   4,5   1:13,850 turtlesim+ 
 3143 pardus    20   0 1124768  91320  59004 S  46,2   4,5   1:13,910 turtlesim+ 
 3143 pardus    20   0 1124768  91320  59004 R  53,8   4,5   1:13,980 turtlesim+ 
 3143 pardus    20   0 1124768  91320  59004 S  61,5   4,5   1:14,060 turtlesim+ 
 3143 pardus    20   0 1124768  91320  59004 R  42,9   4,5   1:14,120 turtlesim+ 
 3143 pardus    20   0 1124768  91320  59004 R  50,0   4,5   1:14,180 turtlesim+ 
 3143 pardus    20   0 1124768  91320  59004 S  58,3   4,5   1:14,250 turtlesim+ 
 3143 pardus    20   0 1124768  91320  59004 S  46,2   4,5   1:14,310 turtlesim+ 
 3143 pardus    20   0 1124768  91320  59004 R  46,2   4,5   1:14,370 turtlesim+ 
 3143 pardus    20   0 1124768  91320  59004 R  46,2   4,5   1:14,430 turtlesim+ 
 3143 pardus    20   0 1124768  91320  59004 R  53,8   4,5   1:14,500 turtlesim+ 
 3143 pardus    20   0 1124768  91320  59004 S  61,5   4,5   1:14,580 turtlesim+ 
 3143 pardus    20   0 1124768  91320  59004 S  61,5   4,5   1:14,660 turtlesim+ 
 3143 pardus    20   0 1124768  91320  59004 R  46,2   4,5   1:14,720 turtlesim+ 
 3143 pardus    20   0 1124768  91320  59004 S  61,5   4,5   1:14,800 turtlesim+ 
 3143 pardus    20   0 1124768  91320  59004 S  61,5   4,5   1:14,880 turtlesim+ 
 3143 pardus    20   0 1124768  91320  59004 R  42,9   4,5   1:14,940 turtlesim+ 
 3143 pardus    20   0 1124768  91320  59004 S  46,2   4,5   1:15,000 turtlesim+ 
 3143 pardus    20   0 1124768  91320  59004 R  53,8   4,5   1:15,070 turtlesim+ 
 3143 pardus    20   0 1124768  91320  59004 S  58,3   4,5   1:15,140 turtlesim+ 
 3143 pardus    20   0 1124768  91320  59004 S  53,8   4,5   1:15,210 turtlesim+ 
 3143 pardus    20   0 1124768  91320  59004 R  53,8   4,5   1:15,280 turtlesim+ 
 3143 pardus    20   0 1124768  91320  59004 R  53,8   4,5   1:15,350 turtlesim+ 
 3143 pardus    20   0 1124768  91320  59004 S  53,8   4,5   1:15,420 turtlesim+ 
 3143 pardus    20   0 1124768  91320  59004 S  50,0   4,5   1:15,490 turtlesim+ 
 3143 pardus    20   0 1124768  91320  59004 S  57,1   4,5   1:15,570 turtlesim+ 
 3143 pardus    20   0 1124768  91320  59004 R  42,9   4,5   1:15,630 turtlesim+ 
 3143 pardus    20   0 1124768  91320  59004 R  46,7   4,5   1:15,700 turtlesim+ 
 3143 pardus    20   0 1124768  91320  59004 S  50,0   4,5   1:15,770 turtlesim+ 
 3143 pardus    20   0 1124768  91320  59004 R  50,0   4,5   1:15,840 turtlesim+ 
 3143 pardus    20   0 1124768  91320  59004 R  40,0   4,5   1:15,900 turtlesim+ 
 3143 pardus    20   0 1124768  91320  59004 R  42,9   4,5   1:15,960 turtlesim+ 
 3143 pardus    20   0 1124768  91320  59004 R  53,8   4,5   1:16,030 turtlesim+ 
 3143 pardus    20   0 1124768  91320  59004 R  53,8   4,5   1:16,100 turtlesim+ 
 3143 pardus    20   0 1124768  91320  59004 S  61,5   4,5   1:16,180 turtlesim+ 
 3143 pardus    20   0 1124768  91320  59004 R  40,0   4,5   1:16,240 turtlesim+ 
 3143 pardus    20   0 1124768  91320  59004 S  61,5   4,5   1:16,320 turtlesim+ 
 3143 pardus    20   0 1124768  91320  59004 R  58,3   4,5   1:16,390 turtlesim+ 
 3143 pardus    20   0 1124768  91320  59004 S  42,9   4,5   1:16,450 turtlesim+ 
 3143 pardus    20   0 1124768  91320  59004 S  58,3   4,5   1:16,520 turtlesim+ 
 3143 pardus    20   0 1124768  91320  59004 R  42,9   4,5   1:16,580 turtlesim+ 
 3143 pardus    20   0 1124768  91320  59004 S  53,8   4,5   1:16,650 turtlesim+ 
 3143 pardus    20   0 1124768  91320  59004 R  46,2   4,5   1:16,710 turtlesim+ 
 3143 pardus    20   0 1124768  91320  59004 S  53,8   4,5   1:16,780 turtlesim+ 
 3143 pardus    20   0 1124768  91320  59004 S  53,8   4,5   1:16,850 turtlesim+ 
 3143 pardus    20   0 1124768  91320  59004 R  53,8   4,5   1:16,920 turtlesim+ 
 3143 pardus    20   0 1124768  91320  59004 S  41,7   4,5   1:16,970 turtlesim+ 
 3143 pardus    20   0 1124768  91320  59004 R  46,2   4,5   1:17,030 turtlesim+ 
 3143 pardus    20   0 1124768  91320  59004 S  58,3   4,5   1:17,100 turtlesim+ 
 3143 pardus    20   0 1124768  91320  59004 S  61,5   4,5   1:17,180 turtlesim+ 
 3143 pardus    20   0 1124768  91320  59004 R  46,2   4,5   1:17,240 turtlesim+ 
 3143 pardus    20   0 1124768  91320  59004 S  61,5   4,5   1:17,320 turtlesim+ 
 3143 pardus    20   0 1124768  91320  59004 S  50,0   4,5   1:17,390 turtlesim+ 
 3143 pardus    20   0 1124768  91320  59004 S  53,8   4,5   1:17,460 turtlesim+ 
 3143 pardus    20   0 1124768  91320  59004 S  46,2   4,5   1:17,520 turtlesim+ 
 3143 pardus    20   0 1124768  91320  59004 S  75,0   4,5   1:17,610 turtlesim+ 
 3143 pardus    20   0 1124768  91320  59004 R  40,0   4,5   1:17,670 turtlesim+ 
 3143 pardus    20   0 1124768  91320  59004 R  60,0   4,5   1:17,760 turtlesim+ 
 3143 pardus    20   0 1124768  91320  59004 R  50,0   4,5   1:17,830 turtlesim+ 
 3143 pardus    20   0 1124768  91320  59004 S  46,2   4,5   1:17,890 turtlesim+ 
 3143 pardus    20   0 1124768  91320  59004 R  61,5   4,5   1:17,970 turtlesim+ 
 3143 pardus    20   0 1124768  91320  59004 R  53,8   4,5   1:18,040 turtlesim+ 
 3143 pardus    20   0 1124768  91320  59004 R  46,2   4,5   1:18,100 turtlesim+ 
 3143 pardus    20   0 1124768  91320  59004 R  46,2   4,5   1:18,160 turtlesim+ 
 3143 pardus    20   0 1124768  91320  59004 R  66,7   4,5   1:18,240 turtlesim+ 
 3143 pardus    20   0 1124768  91320  59004 R  53,8   4,5   1:18,310 turtlesim+ 
 3143 pardus    20   0 1124768  91320  59004 S  53,8   4,5   1:18,380 turtlesim+ 
 3143 pardus    20   0 1124768  91320  59004 S  53,8   4,5   1:18,450 turtlesim+ 
 3143 pardus    20   0 1124768  91320  59004 S  46,2   4,5   1:18,510 turtlesim+ 
 3143 pardus    20   0 1124768  91320  59004 S  61,5   4,5   1:18,590 turtlesim+ 
 3143 pardus    20   0 1124768  91320  59004 S  38,5   4,5   1:18,640 turtlesim+ 
 3143 pardus    20   0 1124768  91320  59004 R  53,8   4,5   1:18,710 turtlesim+ 
 3143 pardus    20   0 1124768  91320  59004 S  53,8   4,5   1:18,780 turtlesim+ 
 3143 pardus    20   0 1124768  91320  59004 S  69,2   4,5   1:18,870 turtlesim+ 
 3143 pardus    20   0 1124768  91320  59004 S  40,0   4,5   1:18,930 turtlesim+ 
 3143 pardus    20   0 1124768  91320  59004 S  46,7   4,5   1:19,000 turtlesim+ 
 3143 pardus    20   0 1124768  91320  59004 S  50,0   4,5   1:19,070 turtlesim+ 
 3143 pardus    20   0 1124768  91320  59004 R  42,9   4,5   1:19,130 turtlesim+ 
 3143 pardus    20   0 1124768  91320  59004 S  53,8   4,5   1:19,200 turtlesim+ 
 3143 pardus    20   0 1124768  91320  59004 S  53,8   4,5   1:19,270 turtlesim+ 
 3143 pardus    20   0 1124768  91320  59004 R  46,2   4,5   1:19,330 turtlesim+ 
 3143 pardus    20   0 1124768  91320  59004 R  53,3   4,5   1:19,410 turtlesim+ 
 3143 pardus    20   0 1124768  91320  59004 R  53,8   4,5   1:19,480 turtlesim+ 
 3143 pardus    20   0 1124768  91320  59004 S  46,2   4,5   1:19,540 turtlesim+ 
 3143 pardus    20   0 1124768  91320  59004 S  53,8   4,5   1:19,610 turtlesim+ 
 3143 pardus    20   0 1124768  91320  59004 R  53,8   4,5   1:19,680 turtlesim+ 
 3143 pardus    20   0 1124768  91320  59004 R  61,5   4,5   1:19,760 turtlesim+ 
 3143 pardus    20   0 1124768  91320  59004 S  46,7   4,5   1:19,830 turtlesim+ 
 3143 pardus    20   0 1124768  91320  59004 S  50,0   4,5   1:19,900 turtlesim+ 
 3143 pardus    20   0 1124768  91320  59004 S  64,3   4,5   1:19,990 turtlesim+ 
 3143 pardus    20   0 1124768  91320  59004 R  60,0   4,5   1:20,080 turtlesim+ 
 3143 pardus    20   0 1124768  91320  59004 S  50,0   4,5   1:20,150 turtlesim+ 
 3143 pardus    20   0 1124768  91320  59004 R  57,1   4,5   1:20,230 turtlesim+ 
 3143 pardus    20   0 1124768  91320  59004 R  46,2   4,5   1:20,290 turtlesim+ 
 3143 pardus    20   0 1124768  91320  59004 R  53,8   4,5   1:20,360 turtlesim+ 
 3143 pardus    20   0 1124768  91320  59004 S  57,1   4,5   1:20,440 turtlesim+ 
 3143 pardus    20   0 1124768  91320  59004 R  53,8   4,5   1:20,510 turtlesim+ 
 3143 pardus    20   0 1124768  91320  59004 S  46,2   4,5   1:20,570 turtlesim+ 
 3143 pardus    20   0 1124768  91320  59004 R  46,2   4,5   1:20,630 turtlesim+ 
 3143 pardus    20   0 1124768  91320  59004 R  50,0   4,5   1:20,700 turtlesim+ 
 3143 pardus    20   0 1124768  91320  59004 S  46,2   4,5   1:20,760 turtlesim+ 
 3143 pardus    20   0 1124768  91320  59004 S  42,9   4,5   1:20,820 turtlesim+ 
 3143 pardus    20   0 1124768  91320  59004 S  50,0   4,5   1:20,890 turtlesim+ 
 3143 pardus    20   0 1124768  91320  59004 S  50,0   4,5   1:20,960 turtlesim+ 
 3143 pardus    20   0 1124768  91320  59004 S  57,1   4,5   1:21,040 turtlesim+ 
 3143 pardus    20   0 1124768  91320  59004 S  46,7   4,5   1:21,110 turtlesim+ 
 3143 pardus    20   0 1124768  91320  59004 S  50,0   4,5   1:21,180 turtlesim+ 
 3143 pardus    20   0 1124768  91320  59004 S  64,3   4,5   1:21,270 turtlesim+ 
 3143 pardus    20   0 1124768  91320  59004 S  42,9   4,5   1:21,330 turtlesim+ 
 3143 pardus    20   0 1124768  91320  59004 S  50,0   4,5   1:21,400 turtlesim+ 
 3143 pardus    20   0 1124768  91320  59004 S  42,9   4,5   1:21,460 turtlesim+ 
 3143 pardus    20   0 1124768  91320  59004 S  66,7   4,5   1:21,540 turtlesim+ 
 3143 pardus    20   0 1124768  91320  59004 S  42,9   4,5   1:21,600 turtlesim+ 
 3143 pardus    20   0 1124768  91320  59004 S  58,3   4,5   1:21,670 turtlesim+ 
 3143 pardus    20   0 1124768  91320  59004 S  35,7   4,5   1:21,720 turtlesim+ 
 3143 pardus    20   0 1124768  91320  59004 R  66,7   4,5   1:21,800 turtlesim+ 
 3143 pardus    20   0 1124768  91320  59004 R  46,2   4,5   1:21,860 turtlesim+ 
 3143 pardus    20   0 1124768  91320  59004 R  40,0   4,5   1:21,920 turtlesim+ 
 3143 pardus    20   0 1124768  91320  59004 R  66,7   4,5   1:22,000 turtlesim+ 
 3143 pardus    20   0 1124768  91320  59004 R  46,2   4,5   1:22,060 turtlesim+ 
 3143 pardus    20   0 1124768  91320  59004 S  53,8   4,5   1:22,130 turtlesim+ 
 3143 pardus    20   0 1124768  91320  59004 R  57,1   4,5   1:22,210 turtlesim+ 
 3143 pardus    20   0 1124768  91320  59004 S  64,3   4,5   1:22,300 turtlesim+ 
 3143 pardus    20   0 1124768  91320  59004 S  40,0   4,5   1:22,360 turtlesim+ 
 3143 pardus    20   0 1124768  91320  59004 S  53,8   4,5   1:22,430 turtlesim+ 
 3143 pardus    20   0 1124768  91320  59004 S  50,0   4,5   1:22,500 turtlesim+ 
 3143 pardus    20   0 1124768  91320  59004 R  53,8   4,5   1:22,570 turtlesim+ 
 3143 pardus    20   0 1124768  91320  59004 R  46,2   4,5   1:22,630 turtlesim+ 
 3143 pardus    20   0 1124768  91320  59004 R  46,2   4,5   1:22,690 turtlesim+ 
 3143 pardus    20   0 1124768  91320  59004 S  53,8   4,5   1:22,760 turtlesim+ 
 3143 pardus    20   0 1124768  91320  59004 S  53,8   4,5   1:22,830 turtlesim+ 
 3143 pardus    20   0 1124768  91320  59004 R  57,1   4,5   1:22,910 turtlesim+ 
 3143 pardus    20   0 1124768  91320  59004 R  61,5   4,5   1:22,990 turtlesim+ 
 3143 pardus    20   0 1124768  91320  59004 S  42,9   4,5   1:23,050 turtlesim+ 
 3143 pardus    20   0 1124768  91320  59004 R  53,8   4,5   1:23,120 turtlesim+ 
 3143 pardus    20   0 1124768  91320  59004 S  53,8   4,5   1:23,190 turtlesim+ 
 3143 pardus    20   0 1124768  91320  59004 R  46,2   4,5   1:23,250 turtlesim+ 
 3143 pardus    20   0 1124768  91320  59004 S  69,2   4,5   1:23,340 turtlesim+ 
 3143 pardus    20   0 1124768  91320  59004 S  42,9   4,5   1:23,400 turtlesim+ 
 3143 pardus    20   0 1124768  91320  59004 S  53,8   4,5   1:23,470 turtlesim+ 
 3143 pardus    20   0 1124768  91320  59004 S  61,5   4,5   1:23,550 turtlesim+ 
 3143 pardus    20   0 1124768  91320  59004 S  50,0   4,5   1:23,620 turtlesim+ 
 3143 pardus    20   0 1124768  91320  59004 S  42,9   4,5   1:23,680 turtlesim+ 
 3143 pardus    20   0 1124768  91320  59004 S  50,0   4,5   1:23,740 turtlesim+ 
 3143 pardus    20   0 1124768  91320  59004 R  46,2   4,5   1:23,800 turtlesim+ 
 3143 pardus    20   0 1124768  91320  59004 S  58,3   4,5   1:23,870 turtlesim+ 
 3143 pardus    20   0 1124768  91320  59004 R  42,9   4,5   1:23,930 turtlesim+ 
 3143 pardus    20   0 1124768  91320  59004 S  53,8   4,5   1:24,000 turtlesim+ 
 3143 pardus    20   0 1124768  91320  59004 S  50,0   4,5   1:24,060 turtlesim+ 
 3143 pardus    20   0 1124768  91320  59004 S  42,9   4,5   1:24,120 turtlesim+ 
 3143 pardus    20   0 1124768  91320  59004 S  46,2   4,5   1:24,180 turtlesim+ 
 3143 pardus    20   0 1124768  91320  59004 S  66,7   4,5   1:24,260 turtlesim+ 
 3143 pardus    20   0 1124768  91320  59004 R  42,9   4,5   1:24,320 turtlesim+ 
 3143 pardus    20   0 1124768  91320  59004 S  58,3   4,5   1:24,390 turtlesim+ 
 3143 pardus    20   0 1124768  91320  59004 R  42,9   4,5   1:24,450 turtlesim+ 
 3143 pardus    20   0 1124768  91320  59004 R  50,0   4,5   1:24,520 turtlesim+ 
 3143 pardus    20   0 1124768  91320  59004 S  50,0   4,5   1:24,590 turtlesim+ 
 3143 pardus    20   0 1124768  91320  59004 S  53,8   4,5   1:24,660 turtlesim+ 
 3143 pardus    20   0 1124768  91320  59004 S  53,8   4,5   1:24,730 turtlesim+ 
 3143 pardus    20   0 1124768  91320  59004 R  46,7   4,5   1:24,800 turtlesim+ 
 3143 pardus    20   0 1124768  91320  59004 R  58,3   4,5   1:24,870 turtlesim+ 
 3143 pardus    20   0 1124768  91320  59004 S  50,0   4,5   1:24,940 turtlesim+ 
 3143 pardus    20   0 1124768  91320  59004 S  50,0   4,5   1:25,010 turtlesim+ 
 3143 pardus    20   0 1124768  91320  59004 R  42,9   4,5   1:25,070 turtlesim+ 
 3143 pardus    20   0 1124768  91320  59004 S  46,2   4,5   1:25,130 turtlesim+ 
 3143 pardus    20   0 1124768  91320  59004 R  23,1   4,5   1:25,160 turtlesim+ 
 3143 pardus    20   0 1124768  91320  59004 R  38,5   4,5   1:25,210 turtlesim+ 
 3143 pardus    20   0 1124768  91320  59004 R  38,5   4,5   1:25,260 turtlesim+ 
 3143 pardus    20   0 1124768  91320  59004 S  41,7   4,5   1:25,310 turtlesim+ 
 3143 pardus    20   0 1124768  91320  59004 S  23,1   4,5   1:25,340 turtlesim+ 
 3143 pardus    20   0 1124768  91320  59004 S  50,0   4,5   1:25,400 turtlesim+ 
 3143 pardus    20   0 1124768  91320  59004 S  38,5   4,5   1:25,450 turtlesim+ 
 3143 pardus    20   0 1124768  91320  59004 S  23,1   4,5   1:25,480 turtlesim+ 
 3143 pardus    20   0 1124768  91320  59004 S  25,0   4,5   1:25,510 turtlesim+ 
 3143 pardus    20   0 1124768  91320  59004 R  41,7   4,5   1:25,560 turtlesim+ 
 3143 pardus    20   0 1124768  91320  59004 S  38,5   4,5   1:25,610 turtlesim+ 
 3143 pardus    20   0 1124768  91320  59004 S  23,1   4,5   1:25,640 turtlesim+ 
 3143 pardus    20   0 1124768  91320  59004 S  33,3   4,5   1:25,680 turtlesim+ 
 3143 pardus    20   0 1124768  91320  59004 S  15,4   4,5   1:25,700 turtlesim+ 
 3143 pardus    20   0 1124768  91320  59004 R  30,8   4,5   1:25,740 turtlesim+ 
 3143 pardus    20   0 1124768  91320  59004 S  16,7   4,5   1:25,760 turtlesim+ 
 3143 pardus    20   0 1124768  91320  59004 S   8,3   4,5   1:25,770 turtlesim+ 
 3143 pardus    20   0 1124768  91320  59004 S   8,3   4,5   1:25,780 turtlesim+ 
 3143 pardus    20   0 1124768  91320  59004 S   7,7   4,5   1:25,790 turtlesim+ 
 3143 pardus    20   0 1124768  91320  59004 S   7,1   4,5   1:25,800 turtlesim+ 
 3143 pardus    20   0 1124768  91320  59004 S   7,7   4,5   1:25,810 turtlesim+ 
 3143 pardus    20   0 1124768  91320  59004 S   8,3   4,5   1:25,820 turtlesim+ 
 3143 pardus    20   0 1124768  91320  59004 S  16,7   4,5   1:25,840 turtlesim+ 
 3143 pardus    20   0 1124768  91320  59004 S   8,3   4,5   1:25,850 turtlesim+ 
 3143 pardus    20   0 1124768  91320  59004 S   8,3   4,5   1:25,860 turtlesim+ 
 3143 pardus    20   0 1124768  91320  59004 S   7,7   4,5   1:25,870 turtlesim+ 
 3143 pardus    20   0 1124768  91320  59004 S   7,7   4,5   1:25,880 turtlesim+ 
 3143 pardus    20   0 1124768  91320  59004 S   7,7   4,5   1:25,890 turtlesim+ 
 3143 pardus    20   0 1124768  91320  59004 S   7,7   4,5   1:25,900 turtlesim+ 
 3143 pardus    20   0 1124768  91320  59004 S   7,7   4,5   1:25,910 turtlesim+ 
 3143 pardus    20   0 1124768  91320  59004 S   8,3   4,5   1:25,920 turtlesim+ 
 3143 pardus    20   0 1124768  91320  59004 S   7,7   4,5   1:25,930 turtlesim+ 
 3143 pardus    20   0 1124768  91320  59004 S   8,3   4,5   1:25,940 turtlesim+ 
 3143 pardus    20   0 1124768  91320  59004 S   7,7   4,5   1:25,950 turtlesim+ 
 3143 pardus    20   0 1124768  91320  59004 S   7,7   4,5   1:25,960 turtlesim+ 
 3143 pardus    20   0 1124768  91320  59004 S   8,3   4,5   1:25,970 turtlesim+ 
 3143 pardus    20   0 1124768  91320  59004 S   7,7   4,5   1:25,980 turtlesim+ 
 3143 pardus    20   0 1124768  91320  59004 S   8,3   4,5   1:25,990 turtlesim+ 
 3143 pardus    20   0 1124768  91320  59004 S   8,3   4,5   1:26,000 turtlesim+ 
 3143 pardus    20   0 1124768  91320  59004 S   8,3   4,5   1:26,010 turtlesim+ 

