source /opt/ros/noetic/setup,bash
, ~/catkin_ws/devel/setup,bash
pardus@pardus:~$ top -d 0,1 | grep turtlesim
 1945 pardus    20   0   18200   1596   1460 R   7,7   0,1   0:00,030 turtlesim+ 
 1945 pardus    20   0   62492   3180   2832 D   7,7   0,2   0:00,040 turtlesim+ 
 1945 pardus    20   0   83792   4624   4032 D  15,4   0,2   0:00,060 turtlesim+ 
 1945 pardus    20   0   83792   7156   6028 D  25,0   0,4   0:00,090 turtlesim+ 
 1945 pardus    20   0   83824   9716   8096 D  30,8   0,5   0:00,130 turtlesim+ 
 1945 pardus    20   0   83644  16916  14768 D  16,7   0,8   0:00,150 turtlesim+ 
 1945 pardus    20   0   89556  20996  18768 R   7,7   1,0   0:00,160 turtlesim+ 
 1945 pardus    20   0  105288  23036  20612 D  15,4   1,1   0:00,180 turtlesim+ 
 1945 pardus    20   0  185948  25252  22508 S  41,7   1,2   0:00,230 turtlesim+ 
 1945 pardus    20   0  199448  26832  23848 D  30,8   1,3   0:00,270 turtlesim+ 
 1945 pardus    20   0  209152  27912  24752 R  46,2   1,4   0:00,330 turtlesim+ 
 1945 pardus    20   0  209152  28372  24992 R  83,3   1,4   0:00,430 turtlesim+ 
 1945 pardus    20   0  209460  34768  30616 R  38,5   1,7   0:00,480 turtlesim+ 
 1945 pardus    20   0  358888  36404  32172 S  38,5   1,8   0:00,530 turtlesim+ 
 1945 pardus    20   0  359680  38476  33608 R  83,3   1,9   0:00,630 turtlesim+ 
 1945 pardus    20   0  361124  40232  33928 R  92,3   2,0   0:00,750 turtlesim+ 
 1945 pardus    20   0  363076  41920  33992 R 108,3   2,1   0:00,880 turtlesim+ 
 1945 pardus    20   0  365008  43596  33992 R 100,0   2,1   0:01,000 turtlesim+ 
 1945 pardus    20   0  367520  46552  33992 D  75,0   2,3   0:01,090 turtlesim+ 
 1945 pardus    20   0  608020  58952  36452 R  64,3   2,9   0:01,180 turtlesim+ 
 1945 pardus    20   0  609708  60596  37124 R  30,8   3,0   0:01,220 turtlesim+ 
 1945 pardus    20   0  675252  62356  37908 S  33,3   3,1   0:01,260 turtlesim+ 
 1945 pardus    20   0  680216  63396  38712 R  30,8   3,1   0:01,300 turtlesim+ 
 1945 pardus    20   0  754860  64140  39392 D  15,4   3,2   0:01,320 turtlesim+ 
 1945 pardus    20   0  754860  72780  43968 R  76,9   3,6   0:01,420 turtlesim+ 
 1945 pardus    20   0  754860  72780  43968 R 100,0   3,6   0:01,550 turtlesim+ 
 1945 pardus    20   0  754860  72780  43968 R 100,0   3,6   0:01,680 turtlesim+ 
 1945 pardus    20   0  754860  75948  47068 R 108,3   3,7   0:01,810 turtlesim+ 
 1945 pardus    20   0  754860  80928  51320 D  69,2   4,0   0:01,900 turtlesim+ 
 1945 pardus    20   0 1123384  88640  56636 S  58,3   4,4   0:01,970 turtlesim+ 
 1945 pardus    20   0 1124364  89892  57868 S  15,4   4,4   0:01,990 turtlesim+ 
 1945 pardus    20   0 1124364  89892  57868 S   7,1   4,4   0:02,000 turtlesim+ 
 1945 pardus    20   0 1124364  89892  57868 S   7,7   4,4   0:02,010 turtlesim+ 
 1945 pardus    20   0 1124364  89892  57868 S  15,4   4,4   0:02,030 turtlesim+ 
 1945 pardus    20   0 1124364  89892  57868 S   7,7   4,4   0:02,040 turtlesim+ 
 1945 pardus    20   0 1124364  89892  57868 S   7,7   4,4   0:02,050 turtlesim+ 
 1945 pardus    20   0 1124364  89892  57868 S   7,7   4,4   0:02,060 turtlesim+ 
 1945 pardus    20   0 1124364  89892  57868 R   7,7   4,4   0:02,070 turtlesim+ 
 1945 pardus    20   0 1124364  89892  57868 S  15,4   4,4   0:02,090 turtlesim+ 
 1945 pardus    20   0 1124364  89892  57868 S   7,7   4,4   0:02,100 turtlesim+ 
 1945 pardus    20   0 1124364  89892  57868 S  15,4   4,4   0:02,120 turtlesim+ 
 1945 pardus    20   0 1124364  89892  57868 S   7,7   4,4   0:02,130 turtlesim+ 
 1945 pardus    20   0 1124364  89892  57868 S   7,7   4,4   0:02,140 turtlesim+ 
 1945 pardus    20   0 1124364  89892  57868 S   7,7   4,4   0:02,150 turtlesim+ 
 1945 pardus    20   0 1124364  89892  57868 S   7,7   4,4   0:02,160 turtlesim+ 
 1945 pardus    20   0 1124364  89892  57868 S   7,7   4,4   0:02,170 turtlesim+ 
 1945 pardus    20   0 1124364  89892  57868 S   7,7   4,4   0:02,180 turtlesim+ 
 1945 pardus    20   0 1124364  89892  57868 S   7,1   4,4   0:02,190 turtlesim+ 
 1945 pardus    20   0 1124364  89892  57868 S   8,3   4,4   0:02,200 turtlesim+ 
 1945 pardus    20   0 1124364  89892  57868 S   7,7   4,4   0:02,210 turtlesim+ 
 1945 pardus    20   0 1124364  89892  57868 S   7,7   4,4   0:02,220 turtlesim+ 
 1945 pardus    20   0 1124364  89892  57868 S   7,7   4,4   0:02,230 turtlesim+ 
 1945 pardus    20   0 1124364  89892  57868 S   7,7   4,4   0:02,240 turtlesim+ 
 1945 pardus    20   0 1124364  89892  57868 S  23,1   4,4   0:02,270 turtlesim+ 
 1945 pardus    20   0 1124364  89892  57868 S   7,7   4,4   0:02,280 turtlesim+ 
 1945 pardus    20   0 1124364  89892  57868 S   7,7   4,4   0:02,290 turtlesim+ 
 1945 pardus    20   0 1124364  89892  57868 S   7,7   4,4   0:02,300 turtlesim+ 
 1945 pardus    20   0 1124364  89892  57868 S   8,3   4,4   0:02,310 turtlesim+ 
 1945 pardus    20   0 1124364  89892  57868 S   7,7   4,4   0:02,320 turtlesim+ 
 1945 pardus    20   0 1124364  89892  57868 S   7,7   4,4   0:02,330 turtlesim+ 
 1945 pardus    20   0 1124364  89892  57868 S  15,4   4,4   0:02,350 turtlesim+ 
 1945 pardus    20   0 1124364  89892  57868 S   7,7   4,4   0:02,360 turtlesim+ 
 1945 pardus    20   0 1124364  89892  57868 S   7,7   4,4   0:02,370 turtlesim+ 
 1945 pardus    20   0 1124364  89892  57868 S   7,7   4,4   0:02,380 turtlesim+ 
 1945 pardus    20   0 1124364  89892  57868 S   7,7   4,4   0:02,390 turtlesim+ 
 1945 pardus    20   0 1124364  89892  57868 S   7,7   4,4   0:02,400 turtlesim+ 
 1945 pardus    20   0 1124364  89892  57868 S   7,7   4,4   0:02,410 turtlesim+ 
 1945 pardus    20   0 1124364  89892  57868 S   7,7   4,4   0:02,420 turtlesim+ 
 1945 pardus    20   0 1124364  89892  57868 S   7,7   4,4   0:02,430 turtlesim+ 
 1945 pardus    20   0 1124364  89892  57868 S   7,7   4,4   0:02,440 turtlesim+ 
 1945 pardus    20   0 1124364  89892  57868 S   7,7   4,4   0:02,450 turtlesim+ 
 1945 pardus    20   0 1124364  89892  57868 S   6,7   4,4   0:02,460 turtlesim+ 
 1945 pardus    20   0 1124364  89892  57868 S   7,7   4,4   0:02,470 turtlesim+ 
 1945 pardus    20   0 1124364  89892  57868 S   8,3   4,4   0:02,480 turtlesim+ 
 1945 pardus    20   0 1124364  89892  57868 S   7,7   4,4   0:02,490 turtlesim+ 
 1945 pardus    20   0 1124364  89892  57868 S   7,7   4,4   0:02,500 turtlesim+ 
 1945 pardus    20   0 1124364  89892  57868 S   7,7   4,4   0:02,510 turtlesim+ 
 1945 pardus    20   0 1124364  89892  57868 S   7,7   4,4   0:02,520 turtlesim+ 
 1945 pardus    20   0 1124364  89892  57868 S   8,3   4,4   0:02,530 turtlesim+ 
 1945 pardus    20   0 1124364  89892  57868 S   7,7   4,4   0:02,540 turtlesim+ 
 1945 pardus    20   0 1124364  89892  57868 S   7,7   4,4   0:02,550 turtlesim+ 
 1945 pardus    20   0 1124364  89892  57868 R   8,3   4,4   0:02,560 turtlesim+ 
 1945 pardus    20   0 1124364  89892  57868 S   8,3   4,4   0:02,570 turtlesim+ 
 1945 pardus    20   0 1124364  89892  57868 S   8,3   4,4   0:02,580 turtlesim+ 
 1945 pardus    20   0 1124364  89892  57868 S   7,7   4,4   0:02,590 turtlesim+ 
 1945 pardus    20   0 1124364  89892  57868 S   7,7   4,4   0:02,600 turtlesim+ 
 1945 pardus    20   0 1124364  89892  57868 S   7,7   4,4   0:02,610 turtlesim+ 
 1945 pardus    20   0 1124364  89892  57868 S   7,7   4,4   0:02,620 turtlesim+ 
 1945 pardus    20   0 1124364  89892  57868 S   7,7   4,4   0:02,630 turtlesim+ 
 1945 pardus    20   0 1124364  89892  57868 S   8,3   4,4   0:02,640 turtlesim+ 
 1945 pardus    20   0 1124364  89892  57868 S   7,7   4,4   0:02,650 turtlesim+ 
 1945 pardus    20   0 1124364  89892  57868 S   8,3   4,4   0:02,660 turtlesim+ 
 1945 pardus    20   0 1124364  89892  57868 S   7,7   4,4   0:02,670 turtlesim+ 
 1945 pardus    20   0 1124364  89892  57868 S   7,7   4,4   0:02,680 turtlesim+ 
 1945 pardus    20   0 1124364  89892  57868 S   7,7   4,4   0:02,690 turtlesim+ 
 1945 pardus    20   0 1124364  89892  57868 S   7,7   4,4   0:02,700 turtlesim+ 
 1945 pardus    20   0 1124364  89892  57868 S   7,7   4,4   0:02,710 turtlesim+ 
 1945 pardus    20   0 1124364  89892  57868 S   8,3   4,4   0:02,720 turtlesim+ 
 1945 pardus    20   0 1124364  89892  57868 S   7,7   4,4   0:02,730 turtlesim+ 
 1945 pardus    20   0 1124364  89892  57868 S   7,7   4,4   0:02,740 turtlesim+ 
 1945 pardus    20   0 1124364  89892  57868 S   7,7   4,4   0:02,750 turtlesim+ 
 1945 pardus    20   0 1124364  89892  57868 S   7,7   4,4   0:02,760 turtlesim+ 
 1945 pardus    20   0 1124364  89892  57868 S   7,7   4,4   0:02,770 turtlesim+ 
 1945 pardus    20   0 1124364  89892  57868 R   8,3   4,4   0:02,780 turtlesim+ 
 1945 pardus    20   0 1124364  89892  57868 S   8,3   4,4   0:02,790 turtlesim+ 
 1945 pardus    20   0 1124364  89892  57868 S   7,7   4,4   0:02,800 turtlesim+ 
 1945 pardus    20   0 1124364  89892  57868 S   7,7   4,4   0:02,810 turtlesim+ 
 1945 pardus    20   0 1124364  89892  57868 S   7,7   4,4   0:02,820 turtlesim+ 
 1945 pardus    20   0 1124364  89892  57868 S   8,3   4,4   0:02,830 turtlesim+ 
 1945 pardus    20   0 1124364  89892  57868 S   8,3   4,4   0:02,840 turtlesim+ 
 1945 pardus    20   0 1124364  89892  57868 S   7,7   4,4   0:02,850 turtlesim+ 
 1945 pardus    20   0 1124364  89892  57868 S   8,3   4,4   0:02,860 turtlesim+ 
 1945 pardus    20   0 1124364  89892  57868 S   7,7   4,4   0:02,870 turtlesim+ 
 1945 pardus    20   0 1124364  89892  57868 S   7,7   4,4   0:02,880 turtlesim+ 
 1945 pardus    20   0 1124364  89892  57868 S   7,7   4,4   0:02,890 turtlesim+ 
 1945 pardus    20   0 1124364  89892  57868 S   7,7   4,4   0:02,900 turtlesim+ 
 1945 pardus    20   0 1124364  89892  57868 S   7,7   4,4   0:02,910 turtlesim+ 
 1945 pardus    20   0 1124364  89892  57868 S   8,3   4,4   0:02,920 turtlesim+ 
 1945 pardus    20   0 1124364  89892  57868 S   7,7   4,4   0:02,930 turtlesim+ 
 1945 pardus    20   0 1124364  89892  57868 S   7,7   4,4   0:02,940 turtlesim+ 
 1945 pardus    20   0 1124364  89892  57868 S   8,3   4,4   0:02,950 turtlesim+ 
 1945 pardus    20   0 1124364  89892  57868 S   7,7   4,4   0:02,960 turtlesim+ 
 1945 pardus    20   0 1124364  89892  57868 S   8,3   4,4   0:02,970 turtlesim+ 
 1945 pardus    20   0 1124364  89892  57868 R   8,3   4,4   0:02,980 turtlesim+ 
 1945 pardus    20   0 1124364  89892  57868 S   7,7   4,4   0:02,990 turtlesim+ 
 1945 pardus    20   0 1124364  89892  57868 S   7,7   4,4   0:03,000 turtlesim+ 
 1945 pardus    20   0 1124364  89892  57868 S   8,3   4,4   0:03,010 turtlesim+ 
 1945 pardus    20   0 1124364  89892  57868 S   7,7   4,4   0:03,020 turtlesim+ 
 1945 pardus    20   0 1124364  89892  57868 S   7,7   4,4   0:03,030 turtlesim+ 
 1945 pardus    20   0 1124364  89892  57868 S   7,7   4,4   0:03,040 turtlesim+ 
 1945 pardus    20   0 1124364  89892  57868 S   7,7   4,4   0:03,050 turtlesim+ 
 1945 pardus    20   0 1124364  89892  57868 S   7,7   4,4   0:03,060 turtlesim+ 
 1945 pardus    20   0 1124364  89892  57868 S   8,3   4,4   0:03,070 turtlesim+ 
 1945 pardus    20   0 1124364  89892  57868 S   8,3   4,4   0:03,080 turtlesim+ 
 1945 pardus    20   0 1124364  89892  57868 S   7,7   4,4   0:03,090 turtlesim+ 
 1945 pardus    20   0 1124364  89892  57868 S   8,3   4,4   0:03,100 turtlesim+ 
 1945 pardus    20   0 1124364  89892  57868 S   7,7   4,4   0:03,110 turtlesim+ 
 1945 pardus    20   0 1124364  89892  57868 S   7,7   4,4   0:03,120 turtlesim+ 
 1945 pardus    20   0 1124364  89892  57868 S   8,3   4,4   0:03,130 turtlesim+ 
 1945 pardus    20   0 1124364  89892  57868 S   7,7   4,4   0:03,140 turtlesim+ 
 1945 pardus    20   0 1124364  89892  57868 S   7,7   4,4   0:03,150 turtlesim+ 
 1945 pardus    20   0 1124364  89892  57868 S   7,7   4,4   0:03,160 turtlesim+ 
 1945 pardus    20   0 1124364  89892  57868 S   8,3   4,4   0:03,170 turtlesim+ 
 1945 pardus    20   0 1124364  89892  57868 S   7,7   4,4   0:03,180 turtlesim+ 
 1945 pardus    20   0 1124364  89892  57868 S   7,7   4,4   0:03,190 turtlesim+ 
 1945 pardus    20   0 1124364  89892  57868 S   7,7   4,4   0:03,200 turtlesim+ 
 1945 pardus    20   0 1124364  89892  57868 S   7,7   4,4   0:03,210 turtlesim+ 
 1945 pardus    20   0 1124364  89892  57868 S   7,7   4,4   0:03,220 turtlesim+ 
 1945 pardus    20   0 1124364  89892  57868 S   7,7   4,4   0:03,230 turtlesim+ 
 1945 pardus    20   0 1124364  89892  57868 S   7,7   4,4   0:03,240 turtlesim+ 
 1945 pardus    20   0 1124364  89892  57868 S  15,4   4,4   0:03,260 turtlesim+ 
 1945 pardus    20   0 1124364  89892  57868 S   7,7   4,4   0:03,270 turtlesim+ 
 1945 pardus    20   0 1124364  89892  57868 S   7,7   4,4   0:03,280 turtlesim+ 
 1945 pardus    20   0 1124364  89892  57868 S   7,7   4,4   0:03,290 turtlesim+ 
 1945 pardus    20   0 1124364  89892  57868 S   8,3   4,4   0:03,300 turtlesim+ 
 1945 pardus    20   0 1124364  89892  57868 S   8,3   4,4   0:03,310 turtlesim+ 
 1945 pardus    20   0 1124364  89892  57868 S  16,7   4,4   0:03,330 turtlesim+ 
 1945 pardus    20   0 1124364  89892  57868 S   7,7   4,4   0:03,340 turtlesim+ 
 1945 pardus    20   0 1124364  89892  57868 S   7,7   4,4   0:03,350 turtlesim+ 
 1945 pardus    20   0 1124364  89892  57868 S   7,7   4,4   0:03,360 turtlesim+ 
 1945 pardus    20   0 1124364  89892  57868 S   7,7   4,4   0:03,370 turtlesim+ 
 1945 pardus    20   0 1124364  89892  57868 S   7,7   4,4   0:03,380 turtlesim+ 
 1945 pardus    20   0 1124364  89892  57868 S   8,3   4,4   0:03,390 turtlesim+ 
 1945 pardus    20   0 1124364  89892  57868 S   7,7   4,4   0:03,400 turtlesim+ 
 1945 pardus    20   0 1124364  89892  57868 S   8,3   4,4   0:03,410 turtlesim+ 
 1945 pardus    20   0 1124364  89892  57868 S   7,7   4,4   0:03,420 turtlesim+ 
 1945 pardus    20   0 1124364  89892  57868 S   7,7   4,4   0:03,430 turtlesim+ 
 1945 pardus    20   0 1124364  89892  57868 S   8,3   4,4   0:03,440 turtlesim+ 
 1945 pardus    20   0 1124364  89892  57868 S   7,7   4,4   0:03,450 turtlesim+ 
 1945 pardus    20   0 1124364  89892  57868 S   7,7   4,4   0:03,460 turtlesim+ 
 1945 pardus    20   0 1124364  89892  57868 S   7,7   4,4   0:03,470 turtlesim+ 
 1945 pardus    20   0 1124364  89892  57868 S   7,7   4,4   0:03,480 turtlesim+ 
 1945 pardus    20   0 1124364  89892  57868 S  16,7   4,4   0:03,500 turtlesim+ 
 1945 pardus    20   0 1124364  89892  57868 S   7,7   4,4   0:03,510 turtlesim+ 
 1945 pardus    20   0 1124364  89892  57868 S   8,3   4,4   0:03,520 turtlesim+ 
 1945 pardus    20   0 1124364  89892  57868 S   7,7   4,4   0:03,530 turtlesim+ 
 1945 pardus    20   0 1124364  89892  57868 S  15,4   4,4   0:03,550 turtlesim+ 
 1945 pardus    20   0 1124364  89892  57868 S   7,7   4,4   0:03,560 turtlesim+ 
 1945 pardus    20   0 1124364  89892  57868 S   7,7   4,4   0:03,570 turtlesim+ 
 1945 pardus    20   0 1124364  89892  57868 S   7,7   4,4   0:03,580 turtlesim+ 
 1945 pardus    20   0 1124364  89892  57868 S   7,7   4,4   0:03,590 turtlesim+ 
 1945 pardus    20   0 1124364  89892  57868 S   8,3   4,4   0:03,600 turtlesim+ 
 1945 pardus    20   0 1124364  89892  57868 R  23,1   4,4   0:03,630 turtlesim+ 
 1945 pardus    20   0 1124364  90156  58120 R  21,4   4,4   0:03,660 turtlesim+ 
 1945 pardus    20   0 1124364  90156  58120 S  35,7   4,4   0:03,710 turtlesim+ 
 1945 pardus    20   0 1124364  90156  58120 R  46,2   4,4   0:03,770 turtlesim+ 
 1945 pardus    20   0 1124364  90156  58120 S  60,0   4,4   0:03,860 turtlesim+ 
 1945 pardus    20   0 1124364  90156  58120 S  69,2   4,4   0:03,950 turtlesim+ 
 1945 pardus    20   0 1124364  90156  58120 S  46,7   4,4   0:04,020 turtlesim+ 
 1945 pardus    20   0 1124364  90156  58120 S  46,7   4,4   0:04,090 turtlesim+ 
 1945 pardus    20   0 1124364  90156  58120 S  42,9   4,4   0:04,150 turtlesim+ 
 1945 pardus    20   0 1124364  90156  58120 R  52,9   4,4   0:04,240 turtlesim+ 
 1945 pardus    20   0 1124364  90156  58120 S  64,3   4,4   0:04,330 turtlesim+ 
 1945 pardus    20   0 1124364  90156  58120 R  57,1   4,4   0:04,410 turtlesim+ 
 1945 pardus    20   0 1124364  90156  58120 R  42,9   4,4   0:04,470 turtlesim+ 
 1945 pardus    20   0 1124364  90156  58120 S  46,7   4,4   0:04,540 turtlesim+ 
 1945 pardus    20   0 1124364  90156  58120 R  64,3   4,4   0:04,630 turtlesim+ 
 1945 pardus    20   0 1124364  90156  58120 S  46,7   4,4   0:04,700 turtlesim+ 
 1945 pardus    20   0 1124364  90156  58120 S  61,5   4,4   0:04,780 turtlesim+ 
 1945 pardus    20   0 1124364  90156  58120 S  35,7   4,4   0:04,830 turtlesim+ 
 1945 pardus    20   0 1124364  90156  58120 S  42,9   4,4   0:04,890 turtlesim+ 
 1945 pardus    20   0 1124364  90156  58120 S  46,2   4,4   0:04,950 turtlesim+ 
 1945 pardus    20   0 1124364  90156  58120 S  64,3   4,4   0:05,040 turtlesim+ 
 1945 pardus    20   0 1124364  90156  58120 S  60,0   4,4   0:05,130 turtlesim+ 
 1945 pardus    20   0 1124364  90156  58120 S  42,9   4,4   0:05,190 turtlesim+ 
 1945 pardus    20   0 1124364  90156  58120 S  57,1   4,4   0:05,270 turtlesim+ 
 1945 pardus    20   0 1124364  90156  58120 R  66,7   4,4   0:05,370 turtlesim+ 
 1945 pardus    20   0 1124364  90156  58120 S  50,0   4,4   0:05,450 turtlesim+ 
 1945 pardus    20   0 1124364  90156  58120 S  61,5   4,4   0:05,530 turtlesim+ 
 1945 pardus    20   0 1124364  90156  58120 S  42,9   4,4   0:05,590 turtlesim+ 
 1945 pardus    20   0 1124364  90156  58120 R  46,7   4,4   0:05,660 turtlesim+ 
 1945 pardus    20   0 1124364  90156  58120 R  64,3   4,4   0:05,750 turtlesim+ 
 1945 pardus    20   0 1124364  90156  58120 S  78,6   4,4   0:05,860 turtlesim+ 
 1945 pardus    20   0 1124364  90156  58120 S  46,2   4,4   0:05,920 turtlesim+ 
 1945 pardus    20   0 1124364  90156  58120 R  50,0   4,4   0:05,990 turtlesim+ 
 1945 pardus    20   0 1124364  90156  58120 S  56,2   4,4   0:06,080 turtlesim+ 
 1945 pardus    20   0 1124364  90156  58120 R  64,3   4,4   0:06,170 turtlesim+ 
 1945 pardus    20   0 1124364  90156  58120 S  43,8   4,4   0:06,240 turtlesim+ 
 1945 pardus    20   0 1124364  90156  58120 S  60,0   4,4   0:06,330 turtlesim+ 
 1945 pardus    20   0 1124364  90156  58120 R  53,3   4,4   0:06,410 turtlesim+ 
 1945 pardus    20   0 1124364  90156  58120 S  57,1   4,4   0:06,490 turtlesim+ 
 1945 pardus    20   0 1124364  90156  58120 S  50,0   4,4   0:06,560 turtlesim+ 
 1945 pardus    20   0 1124364  90156  58120 R  57,1   4,4   0:06,640 turtlesim+ 
 1945 pardus    20   0 1124364  90156  58120 S  53,3   4,4   0:06,720 turtlesim+ 
 1945 pardus    20   0 1124364  90156  58120 S  60,0   4,4   0:06,810 turtlesim+ 
 1945 pardus    20   0 1124364  90156  58120 S  50,0   4,4   0:06,890 turtlesim+ 
 1945 pardus    20   0 1124364  90156  58120 S  66,7   4,4   0:06,990 turtlesim+ 
 1945 pardus    20   0 1124364  90156  58120 R  64,3   4,4   0:07,080 turtlesim+ 
 1945 pardus    20   0 1124364  90156  58120 R  56,2   4,4   0:07,170 turtlesim+ 
 1945 pardus    20   0 1124364  90156  58120 R  46,7   4,4   0:07,240 turtlesim+ 
 1945 pardus    20   0 1124364  90156  58120 S  60,0   4,4   0:07,330 turtlesim+ 
 1945 pardus    20   0 1124364  90156  58120 S  53,3   4,4   0:07,410 turtlesim+ 
 1945 pardus    20   0 1124364  90156  58120 S  50,0   4,4   0:07,490 turtlesim+ 
 1945 pardus    20   0 1124364  90156  58120 S  50,0   4,4   0:07,560 turtlesim+ 
 1945 pardus    20   0 1124364  90156  58120 S  43,8   4,4   0:07,630 turtlesim+ 
 1945 pardus    20   0 1124364  90156  58120 R  50,0   4,4   0:07,700 turtlesim+ 
 1945 pardus    20   0 1124364  90156  58120 R  57,1   4,4   0:07,780 turtlesim+ 
 1945 pardus    20   0 1124364  90156  58120 S  46,7   4,4   0:07,850 turtlesim+ 
 1945 pardus    20   0 1124364  90156  58120 R  53,3   4,4   0:07,930 turtlesim+ 
 1945 pardus    20   0 1124364  90156  58120 S  60,0   4,4   0:08,020 turtlesim+ 
 1945 pardus    20   0 1124364  90156  58120 S  43,8   4,4   0:08,090 turtlesim+ 
 1945 pardus    20   0 1124364  90156  58120 S  53,8   4,4   0:08,160 turtlesim+ 
 1945 pardus    20   0 1124364  90156  58120 S  50,0   4,4   0:08,230 turtlesim+ 
 1945 pardus    20   0 1124364  90156  58120 S  57,1   4,4   0:08,310 turtlesim+ 
 1945 pardus    20   0 1124364  90156  58120 S  53,8   4,4   0:08,380 turtlesim+ 
 1945 pardus    20   0 1124364  90156  58120 S  57,1   4,4   0:08,460 turtlesim+ 
 1945 pardus    20   0 1124364  90156  58120 S  46,7   4,4   0:08,530 turtlesim+ 
 1945 pardus    20   0 1124364  90156  58120 R  50,0   4,4   0:08,600 turtlesim+ 
 1945 pardus    20   0 1124364  90156  58120 S  60,0   4,4   0:08,690 turtlesim+ 
 1945 pardus    20   0 1124364  90156  58120 R  64,3   4,4   0:08,780 turtlesim+ 
 1945 pardus    20   0 1124364  90156  58120 S  43,8   4,4   0:08,850 turtlesim+ 
 1945 pardus    20   0 1124364  90156  58120 R  64,3   4,4   0:08,940 turtlesim+ 
 1945 pardus    20   0 1124364  90156  58120 S  62,5   4,4   0:09,040 turtlesim+ 
 1945 pardus    20   0 1124364  90156  58120 S  56,2   4,4   0:09,130 turtlesim+ 
 1945 pardus    20   0 1124364  90156  58120 R  50,0   4,4   0:09,210 turtlesim+ 
 1945 pardus    20   0 1124364  90156  58120 S  53,3   4,4   0:09,290 turtlesim+ 
 1945 pardus    20   0 1124364  90156  58120 S  60,0   4,4   0:09,380 turtlesim+ 
 1945 pardus    20   0 1124364  90156  58120 S  50,0   4,4   0:09,460 turtlesim+ 
 1945 pardus    20   0 1124364  90156  58120 S  53,8   4,4   0:09,530 turtlesim+ 
 1945 pardus    20   0 1124364  90156  58120 S  50,0   4,4   0:09,600 turtlesim+ 
 1945 pardus    20   0 1124364  90156  58120 R  42,9   4,4   0:09,660 turtlesim+ 
 1945 pardus    20   0 1124364  90156  58120 S  46,7   4,4   0:09,730 turtlesim+ 
 1945 pardus    20   0 1124364  90156  58120 R  46,7   4,4   0:09,800 turtlesim+ 
 1945 pardus    20   0 1124364  90156  58120 S  53,8   4,4   0:09,870 turtlesim+ 
 1945 pardus    20   0 1124364  90156  58120 S  64,3   4,4   0:09,960 turtlesim+ 
 1945 pardus    20   0 1124364  90156  58120 R  53,3   4,4   0:10,040 turtlesim+ 
 1945 pardus    20   0 1124364  90156  58120 S  60,0   4,4   0:10,130 turtlesim+ 
 1945 pardus    20   0 1124364  90156  58120 S  53,8   4,4   0:10,200 turtlesim+ 
 1945 pardus    20   0 1124364  90156  58120 S  50,0   4,4   0:10,270 turtlesim+ 
 1945 pardus    20   0 1124364  90156  58120 R  40,0   4,4   0:10,330 turtlesim+ 
 1945 pardus    20   0 1124364  90156  58120 S  69,2   4,4   0:10,420 turtlesim+ 
 1945 pardus    20   0 1124364  90156  58120 S  53,3   4,4   0:10,500 turtlesim+ 
 1945 pardus    20   0 1124364  90156  58120 S  42,9   4,4   0:10,560 turtlesim+ 
 1945 pardus    20   0 1124364  90156  58120 S  53,8   4,4   0:10,630 turtlesim+ 
 1945 pardus    20   0 1124364  90156  58120 S  43,8   4,4   0:10,700 turtlesim+ 
 1945 pardus    20   0 1124364  90156  58120 S  53,3   4,4   0:10,780 turtlesim+ 
 1945 pardus    20   0 1124364  90156  58120 S  42,9   4,4   0:10,840 turtlesim+ 
 1945 pardus    20   0 1124364  90156  58120 S  46,7   4,4   0:10,910 turtlesim+ 
 1945 pardus    20   0 1124364  90156  58120 S  42,9   4,4   0:10,970 turtlesim+ 
 1945 pardus    20   0 1124364  90156  58120 R  46,2   4,4   0:11,030 turtlesim+ 
 1945 pardus    20   0 1124364  90156  58120 S  53,8   4,4   0:11,100 turtlesim+ 
 1945 pardus    20   0 1124364  90156  58120 R  37,5   4,4   0:11,160 turtlesim+ 
 1945 pardus    20   0 1124364  90156  58120 S  53,3   4,4   0:11,240 turtlesim+ 
 1945 pardus    20   0 1124364  90156  58120 R  43,8   4,4   0:11,310 turtlesim+ 
 1945 pardus    20   0 1124364  90156  58120 S  56,2   4,4   0:11,400 turtlesim+ 
 1945 pardus    20   0 1124364  90156  58120 S  53,3   4,4   0:11,480 turtlesim+ 
 1945 pardus    20   0 1124364  90156  58120 S  50,0   4,4   0:11,550 turtlesim+ 
 1945 pardus    20   0 1124364  90156  58120 S  42,9   4,4   0:11,610 turtlesim+ 
 1945 pardus    20   0 1124364  90156  58120 S  53,8   4,4   0:11,680 turtlesim+ 
 1945 pardus    20   0 1124364  90156  58120 S  60,0   4,4   0:11,770 turtlesim+ 
 1945 pardus    20   0 1124364  90156  58120 R  56,2   4,4   0:11,860 turtlesim+ 
 1945 pardus    20   0 1124364  90156  58120 R  40,0   4,4   0:11,920 turtlesim+ 
 1945 pardus    20   0 1124364  90156  58120 R  71,4   4,4   0:12,020 turtlesim+ 
 1945 pardus    20   0 1124364  90156  58120 S  35,7   4,4   0:12,070 turtlesim+ 
 1945 pardus    20   0 1124364  90156  58120 R  57,1   4,4   0:12,150 turtlesim+ 
 1945 pardus    20   0 1124364  90156  58120 R  57,1   4,4   0:12,230 turtlesim+ 
 1945 pardus    20   0 1124364  90156  58120 R  43,8   4,4   0:12,300 turtlesim+ 
 1945 pardus    20   0 1124364  90156  58120 S  57,1   4,4   0:12,380 turtlesim+ 
 1945 pardus    20   0 1124364  90156  58120 S  50,0   4,4   0:12,450 turtlesim+ 
 1945 pardus    20   0 1124364  90156  58120 S  53,3   4,4   0:12,530 turtlesim+ 
 1945 pardus    20   0 1124364  90156  58120 R  35,7   4,4   0:12,580 turtlesim+ 
 1945 pardus    20   0 1124364  90156  58120 S  57,1   4,4   0:12,660 turtlesim+ 
 1945 pardus    20   0 1124364  90156  58120 S  61,5   4,4   0:12,740 turtlesim+ 
 1945 pardus    20   0 1124364  90156  58120 S  46,7   4,4   0:12,810 turtlesim+ 
 1945 pardus    20   0 1124364  90156  58120 S  50,0   4,4   0:12,890 turtlesim+ 
 1945 pardus    20   0 1124364  90156  58120 R  57,1   4,4   0:12,970 turtlesim+ 
 1945 pardus    20   0 1124364  90156  58120 S  71,4   4,4   0:13,070 turtlesim+ 
 1945 pardus    20   0 1124364  90156  58120 S  53,3   4,4   0:13,150 turtlesim+ 
 1945 pardus    20   0 1124364  90156  58120 S  84,6   4,4   0:13,260 turtlesim+ 
 1945 pardus    20   0 1124364  90156  58120 R  50,0   4,4   0:13,330 turtlesim+ 
 1945 pardus    20   0 1124364  90156  58120 S  31,2   4,4   0:13,380 turtlesim+ 
 1945 pardus    20   0 1124364  90156  58120 R  46,2   4,4   0:13,440 turtlesim+ 
 1945 pardus    20   0 1124364  90156  58120 S  50,0   4,4   0:13,510 turtlesim+ 
 1945 pardus    20   0 1124364  90156  58120 R  46,2   4,4   0:13,570 turtlesim+ 
 1945 pardus    20   0 1124364  90156  58120 S  57,1   4,4   0:13,650 turtlesim+ 
 1945 pardus    20   0 1124364  90156  58120 S  60,0   4,4   0:13,740 turtlesim+ 
 1945 pardus    20   0 1124364  90156  58120 S  50,0   4,4   0:13,810 turtlesim+ 
 1945 pardus    20   0 1124364  90156  58120 S  76,9   4,4   0:13,910 turtlesim+ 
 1945 pardus    20   0 1124364  90156  58120 R  56,2   4,4   0:14,000 turtlesim+ 
 1945 pardus    20   0 1124364  90156  58120 S  53,3   4,4   0:14,080 turtlesim+ 
 1945 pardus    20   0 1124364  90156  58120 R  64,3   4,4   0:14,170 turtlesim+ 
 1945 pardus    20   0 1124364  90156  58120 S  53,8   4,4   0:14,240 turtlesim+ 
 1945 pardus    20   0 1124364  90156  58120 S  42,9   4,4   0:14,300 turtlesim+ 
 1945 pardus    20   0 1124364  90156  58120 S  60,0   4,4   0:14,390 turtlesim+ 
 1945 pardus    20   0 1124364  90156  58120 S  50,0   4,4   0:14,460 turtlesim+ 
 1945 pardus    20   0 1124364  90156  58120 S  57,1   4,4   0:14,540 turtlesim+ 
 1945 pardus    20   0 1124364  90156  58120 R  57,1   4,4   0:14,620 turtlesim+ 
 1945 pardus    20   0 1124364  90156  58120 R  42,9   4,4   0:14,680 turtlesim+ 
 1945 pardus    20   0 1124364  90156  58120 S  50,0   4,4   0:14,750 turtlesim+ 
 1945 pardus    20   0 1124364  90156  58120 R  50,0   4,4   0:14,820 turtlesim+ 
 1945 pardus    20   0 1124364  90156  58120 S  57,1   4,4   0:14,900 turtlesim+ 
 1945 pardus    20   0 1124364  90156  58120 R  64,3   4,4   0:14,990 turtlesim+ 
 1945 pardus    20   0 1124364  90156  58120 S  50,0   4,4   0:15,060 turtlesim+ 
 1945 pardus    20   0 1124364  90156  58120 S  53,8   4,4   0:15,130 turtlesim+ 
 1945 pardus    20   0 1124364  90156  58120 R  46,7   4,4   0:15,200 turtlesim+ 
 1945 pardus    20   0 1124364  90156  58120 S  50,0   4,4   0:15,270 turtlesim+ 
 1945 pardus    20   0 1124364  90156  58120 R  28,6   4,4   0:15,310 turtlesim+ 
 1945 pardus    20   0 1124364  90156  58120 S  50,0   4,4   0:15,380 turtlesim+ 
 1945 pardus    20   0 1124364  90156  58120 R  35,7   4,4   0:15,430 turtlesim+ 
 1945 pardus    20   0 1124364  90156  58120 S  57,1   4,4   0:15,510 turtlesim+ 
 1945 pardus    20   0 1124364  90156  58120 S  46,2   4,4   0:15,570 turtlesim+ 
 1945 pardus    20   0 1124364  90156  58120 S  50,0   4,4   0:15,640 turtlesim+ 
 1945 pardus    20   0 1124364  90156  58120 S  57,1   4,4   0:15,720 turtlesim+ 
 1945 pardus    20   0 1124364  90156  58120 R  57,1   4,4   0:15,800 turtlesim+ 
 1945 pardus    20   0 1124364  90156  58120 S  57,1   4,4   0:15,880 turtlesim+ 
 1945 pardus    20   0 1124364  90156  58120 R  46,7   4,4   0:15,950 turtlesim+ 
 1945 pardus    20   0 1124364  90156  58120 R  71,4   4,4   0:16,050 turtlesim+ 
 1945 pardus    20   0 1124364  90156  58120 R  43,8   4,4   0:16,120 turtlesim+ 
 1945 pardus    20   0 1124364  90156  58120 R  50,0   4,4   0:16,190 turtlesim+ 
 1945 pardus    20   0 1124364  90156  58120 S  50,0   4,4   0:16,260 turtlesim+ 
 1945 pardus    20   0 1124364  90156  58120 S  46,2   4,4   0:16,320 turtlesim+ 
 1945 pardus    20   0 1124364  90156  58120 R  53,8   4,4   0:16,390 turtlesim+ 
 1945 pardus    20   0 1124364  90156  58120 R  43,8   4,4   0:16,460 turtlesim+ 
 1945 pardus    20   0 1124364  90156  58120 S  42,9   4,4   0:16,520 turtlesim+ 
 1945 pardus    20   0 1124364  90156  58120 S  50,0   4,4   0:16,590 turtlesim+ 
 1945 pardus    20   0 1124364  90156  58120 S  57,1   4,4   0:16,670 turtlesim+ 
 1945 pardus    20   0 1124364  90156  58120 S  53,3   4,4   0:16,750 turtlesim+ 
 1945 pardus    20   0 1124364  90156  58120 S  64,3   4,4   0:16,840 turtlesim+ 
 1945 pardus    20   0 1124364  90156  58120 R  37,5   4,4   0:16,900 turtlesim+ 
 1945 pardus    20   0 1124364  90156  58120 R  76,9   4,4   0:17,000 turtlesim+ 
 1945 pardus    20   0 1124364  90156  58120 S  50,0   4,4   0:17,080 turtlesim+ 
 1945 pardus    20   0 1124364  90156  58120 R  53,3   4,4   0:17,160 turtlesim+ 
 1945 pardus    20   0 1124364  90156  58120 S  50,0   4,4   0:17,240 turtlesim+ 
 1945 pardus    20   0 1124364  90156  58120 R  53,3   4,4   0:17,320 turtlesim+ 
 1945 pardus    20   0 1124364  90156  58120 R  60,0   4,4   0:17,410 turtlesim+ 
 1945 pardus    20   0 1124364  90156  58120 S  46,7   4,4   0:17,480 turtlesim+ 
 1945 pardus    20   0 1124364  90156  58120 S  57,1   4,4   0:17,560 turtlesim+ 
 1945 pardus    20   0 1124364  90156  58120 S  57,1   4,4   0:17,640 turtlesim+ 
 1945 pardus    20   0 1124364  90156  58120 S  60,0   4,4   0:17,730 turtlesim+ 
 1945 pardus    20   0 1124364  90156  58120 R  53,3   4,4   0:17,810 turtlesim+ 
 1945 pardus    20   0 1124364  90156  58120 S  46,7   4,4   0:17,880 turtlesim+ 
 1945 pardus    20   0 1124364  90156  58120 S  57,1   4,4   0:17,960 turtlesim+ 
 1945 pardus    20   0 1124364  90156  58120 S  57,1   4,4   0:18,040 turtlesim+ 
 1945 pardus    20   0 1124364  90156  58120 S  69,2   4,4   0:18,130 turtlesim+ 
 1945 pardus    20   0 1124364  90156  58120 S  64,3   4,4   0:18,220 turtlesim+ 
 1945 pardus    20   0 1124364  90156  58120 S  50,0   4,4   0:18,300 turtlesim+ 
 1945 pardus    20   0 1124364  90156  58120 S  33,3   4,4   0:18,350 turtlesim+ 
 1945 pardus    20   0 1124364  90156  58120 S  57,1   4,4   0:18,430 turtlesim+ 
 1945 pardus    20   0 1124364  90156  58120 R  42,9   4,4   0:18,490 turtlesim+ 
 1945 pardus    20   0 1124364  90156  58120 S  50,0   4,4   0:18,560 turtlesim+ 
 1945 pardus    20   0 1124364  90156  58120 S  42,9   4,4   0:18,620 turtlesim+ 
 1945 pardus    20   0 1124364  90156  58120 S  64,3   4,4   0:18,710 turtlesim+ 
 1945 pardus    20   0 1124364  90156  58120 S  57,1   4,4   0:18,790 turtlesim+ 
 1945 pardus    20   0 1124364  90156  58120 R  50,0   4,4   0:18,860 turtlesim+ 
 1945 pardus    20   0 1124364  90156  58120 S  57,1   4,4   0:18,940 turtlesim+ 
 1945 pardus    20   0 1124364  90156  58120 R  38,5   4,4   0:18,990 turtlesim+ 
 1945 pardus    20   0 1124364  90156  58120 R  46,2   4,4   0:19,050 turtlesim+ 
 1945 pardus    20   0 1124364  90156  58120 S  57,1   4,4   0:19,130 turtlesim+ 
 1945 pardus    20   0 1124364  90156  58120 S  40,0   4,4   0:19,190 turtlesim+ 
 1945 pardus    20   0 1124364  90156  58120 S  53,8   4,4   0:19,260 turtlesim+ 
 1945 pardus    20   0 1124364  90156  58120 R  50,0   4,4   0:19,330 turtlesim+ 
 1945 pardus    20   0 1124364  90156  58120 S  64,3   4,4   0:19,420 turtlesim+ 
 1945 pardus    20   0 1124364  90156  58120 S  50,0   4,4   0:19,500 turtlesim+ 
 1945 pardus    20   0 1124364  90156  58120 S  61,5   4,4   0:19,580 turtlesim+ 
 1945 pardus    20   0 1124364  90156  58120 S  60,0   4,4   0:19,670 turtlesim+ 
 1945 pardus    20   0 1124364  90156  58120 R  60,0   4,4   0:19,760 turtlesim+ 
 1945 pardus    20   0 1124364  90156  58120 R  40,0   4,4   0:19,820 turtlesim+ 
 1945 pardus    20   0 1124364  90156  58120 S  42,9   4,4   0:19,880 turtlesim+ 
 1945 pardus    20   0 1124364  90156  58120 S  57,1   4,4   0:19,960 turtlesim+ 
 1945 pardus    20   0 1124364  90156  58120 S  56,2   4,4   0:20,050 turtlesim+ 
 1945 pardus    20   0 1124364  90156  58120 S  40,0   4,4   0:20,110 turtlesim+ 
 1945 pardus    20   0 1124364  90156  58120 S  60,0   4,4   0:20,200 turtlesim+ 
 1945 pardus    20   0 1124364  90156  58120 R  61,5   4,4   0:20,280 turtlesim+ 
 1945 pardus    20   0 1124364  90156  58120 S  57,1   4,4   0:20,360 turtlesim+ 
 1945 pardus    20   0 1124364  90156  58120 S  64,3   4,4   0:20,450 turtlesim+ 
 1945 pardus    20   0 1124364  90156  58120 S  53,3   4,4   0:20,530 turtlesim+ 
 1945 pardus    20   0 1124364  90156  58120 S  46,7   4,4   0:20,600 turtlesim+ 
 1945 pardus    20   0 1124364  90156  58120 S  64,3   4,4   0:20,690 turtlesim+ 
 1945 pardus    20   0 1124364  90156  58120 S  53,8   4,4   0:20,760 turtlesim+ 
 1945 pardus    20   0 1124364  90156  58120 R  50,0   4,4   0:20,830 turtlesim+ 
 1945 pardus    20   0 1124364  90156  58120 S  57,1   4,4   0:20,910 turtlesim+ 
 1945 pardus    20   0 1124364  90156  58120 R  53,3   4,4   0:20,990 turtlesim+ 
 1945 pardus    20   0 1124364  90156  58120 R  57,1   4,4   0:21,070 turtlesim+ 
 1945 pardus    20   0 1124364  90156  58120 S  53,8   4,4   0:21,140 turtlesim+ 
 1945 pardus    20   0 1124364  90156  58120 S  40,0   4,4   0:21,200 turtlesim+ 
 1945 pardus    20   0 1124364  90156  58120 S  42,9   4,4   0:21,260 turtlesim+ 
 1945 pardus    20   0 1124364  90156  58120 R  50,0   4,4   0:21,330 turtlesim+ 
 1945 pardus    20   0 1124364  90156  58120 R  50,0   4,4   0:21,400 turtlesim+ 
 1945 pardus    20   0 1124364  90156  58120 S  60,0   4,4   0:21,490 turtlesim+ 
 1945 pardus    20   0 1124364  90156  58120 S  50,0   4,4   0:21,560 turtlesim+ 
 1945 pardus    20   0 1124364  90156  58120 S  61,5   4,4   0:21,640 turtlesim+ 
 1945 pardus    20   0 1124364  90156  58120 S  50,0   4,4   0:21,710 turtlesim+ 
 1945 pardus    20   0 1124364  90156  58120 S  46,7   4,4   0:21,780 turtlesim+ 
 1945 pardus    20   0 1124364  90156  58120 R  53,3   4,4   0:21,860 turtlesim+ 
 1945 pardus    20   0 1124364  90156  58120 R  57,1   4,4   0:21,940 turtlesim+ 
 1945 pardus    20   0 1124364  90156  58120 R  46,7   4,4   0:22,010 turtlesim+ 
 1945 pardus    20   0 1124364  90156  58120 R  50,0   4,4   0:22,090 turtlesim+ 
 1945 pardus    20   0 1124364  90156  58120 S  57,1   4,4   0:22,170 turtlesim+ 
 1945 pardus    20   0 1124364  90156  58120 S  64,3   4,4   0:22,260 turtlesim+ 
 1945 pardus    20   0 1124364  90156  58120 S  46,7   4,4   0:22,330 turtlesim+ 
 1945 pardus    20   0 1124364  90156  58120 S  50,0   4,4   0:22,400 turtlesim+ 
 1945 pardus    20   0 1124364  90156  58120 S  50,0   4,4   0:22,470 turtlesim+ 
 1945 pardus    20   0 1124364  90156  58120 S  46,7   4,4   0:22,540 turtlesim+ 
 1945 pardus    20   0 1124364  90156  58120 R  33,3   4,4   0:22,590 turtlesim+ 
 1945 pardus    20   0 1124364  90156  58120 S  57,1   4,4   0:22,670 turtlesim+ 
 1945 pardus    20   0 1124364  90156  58120 S  71,4   4,4   0:22,770 turtlesim+ 
 1945 pardus    20   0 1124364  90156  58120 R  57,1   4,4   0:22,850 turtlesim+ 
 1945 pardus    20   0 1124364  90156  58120 R  43,8   4,4   0:22,920 turtlesim+ 
 1945 pardus    20   0 1124364  90156  58120 S  56,2   4,4   0:23,010 turtlesim+ 
 1945 pardus    20   0 1124364  90156  58120 R  50,0   4,4   0:23,080 turtlesim+ 
 1945 pardus    20   0 1124364  90156  58120 S  50,0   4,4   0:23,150 turtlesim+ 
 1945 pardus    20   0 1124364  90156  58120 S  57,1   4,4   0:23,230 turtlesim+ 
 1945 pardus    20   0 1124364  90156  58120 R  50,0   4,4   0:23,300 turtlesim+ 
 1945 pardus    20   0 1124364  90156  58120 S  57,1   4,4   0:23,380 turtlesim+ 
 1945 pardus    20   0 1124364  90156  58120 S  62,5   4,4   0:23,480 turtlesim+ 
 1945 pardus    20   0 1124364  90156  58120 S  38,5   4,4   0:23,530 turtlesim+ 
 1945 pardus    20   0 1124364  90156  58120 S  57,1   4,4   0:23,610 turtlesim+ 
 1945 pardus    20   0 1124364  90156  58120 R  50,0   4,4   0:23,680 turtlesim+ 
 1945 pardus    20   0 1124364  90156  58120 S  57,1   4,4   0:23,760 turtlesim+ 
 1945 pardus    20   0 1124364  90156  58120 S  42,9   4,4   0:23,820 turtlesim+ 
 1945 pardus    20   0 1124364  90156  58120 R  53,3   4,4   0:23,900 turtlesim+ 
 1945 pardus    20   0 1124364  90156  58120 R  64,3   4,4   0:23,990 turtlesim+ 
 1945 pardus    20   0 1124364  90156  58120 R  50,0   4,4   0:24,060 turtlesim+ 
 1945 pardus    20   0 1124364  90156  58120 S  64,3   4,4   0:24,150 turtlesim+ 
 1945 pardus    20   0 1124364  90156  58120 R  53,3   4,4   0:24,230 turtlesim+ 
 1945 pardus    20   0 1124364  90156  58120 S  42,9   4,4   0:24,290 turtlesim+ 
 1945 pardus    20   0 1124364  90156  58120 S  42,9   4,4   0:24,350 turtlesim+ 
 1945 pardus    20   0 1124364  90156  58120 S  62,5   4,4   0:24,450 turtlesim+ 
 1945 pardus    20   0 1124364  90156  58120 S  66,7   4,4   0:24,550 turtlesim+ 
 1945 pardus    20   0 1124364  90156  58120 S  53,3   4,4   0:24,630 turtlesim+ 
 1945 pardus    20   0 1124364  90156  58120 R  42,9   4,4   0:24,690 turtlesim+ 
 1945 pardus    20   0 1124364  90156  58120 S  57,1   4,4   0:24,770 turtlesim+ 
 1945 pardus    20   0 1124364  90156  58120 S  61,5   4,4   0:24,850 turtlesim+ 
 1945 pardus    20   0 1124364  90156  58120 S  66,7   4,4   0:24,950 turtlesim+ 
 1945 pardus    20   0 1124364  90156  58120 R  57,1   4,4   0:25,030 turtlesim+ 
 1945 pardus    20   0 1124364  90156  58120 S  46,2   4,4   0:25,090 turtlesim+ 
 1945 pardus    20   0 1124364  90156  58120 S  53,8   4,4   0:25,160 turtlesim+ 
 1945 pardus    20   0 1124364  90156  58120 S  56,2   4,4   0:25,250 turtlesim+ 
 1945 pardus    20   0 1124364  90156  58120 S  60,0   4,4   0:25,340 turtlesim+ 
 1945 pardus    20   0 1124364  90156  58120 R  50,0   4,4   0:25,410 turtlesim+ 
 1945 pardus    20   0 1124364  90156  58120 S  57,1   4,4   0:25,490 turtlesim+ 
 1945 pardus    20   0 1124364  90156  58120 S  53,8   4,4   0:25,560 turtlesim+ 
 1945 pardus    20   0 1124364  90156  58120 R  57,1   4,4   0:25,640 turtlesim+ 
 1945 pardus    20   0 1124364  90156  58120 R  53,3   4,4   0:25,720 turtlesim+ 
 1945 pardus    20   0 1124364  90156  58120 S  66,7   4,4   0:25,820 turtlesim+ 
 1945 pardus    20   0 1124364  90156  58120 S  46,7   4,4   0:25,890 turtlesim+ 
 1945 pardus    20   0 1124364  90156  58120 S  53,8   4,4   0:25,960 turtlesim+ 
 1945 pardus    20   0 1124364  90156  58120 S  42,9   4,4   0:26,020 turtlesim+ 
 1945 pardus    20   0 1124364  90156  58120 R  50,0   4,4   0:26,090 turtlesim+ 
 1945 pardus    20   0 1124364  90156  58120 R  50,0   4,4   0:26,160 turtlesim+ 
 1945 pardus    20   0 1124364  90156  58120 S  69,2   4,4   0:26,250 turtlesim+ 
 1945 pardus    20   0 1124364  90156  58120 S  68,8   4,4   0:26,360 turtlesim+ 
 1945 pardus    20   0 1124364  90156  58120 S  56,2   4,4   0:26,450 turtlesim+ 
 1945 pardus    20   0 1124364  90156  58120 S  56,2   4,4   0:26,540 turtlesim+ 
 1945 pardus    20   0 1124364  90156  58120 R  50,0   4,4   0:26,610 turtlesim+ 
 1945 pardus    20   0 1124364  90156  58120 S  50,0   4,4   0:26,680 turtlesim+ 
 1945 pardus    20   0 1124364  90156  58120 R  61,5   4,4   0:26,760 turtlesim+ 
 1945 pardus    20   0 1124364  90156  58120 S  57,1   4,4   0:26,840 turtlesim+ 
 1945 pardus    20   0 1124364  90156  58120 S  57,1   4,4   0:26,920 turtlesim+ 
 1945 pardus    20   0 1124364  90156  58120 R  64,3   4,4   0:27,010 turtlesim+ 
 1945 pardus    20   0 1124364  90156  58120 R  60,0   4,4   0:27,100 turtlesim+ 
 1945 pardus    20   0 1124364  90156  58120 R  68,8   4,4   0:27,210 turtlesim+ 
 1945 pardus    20   0 1124364  90156  58120 S  50,0   4,4   0:27,290 turtlesim+ 
 1945 pardus    20   0 1124364  90156  58120 S  42,9   4,4   0:27,350 turtlesim+ 
 1945 pardus    20   0 1124364  90156  58120 S  57,1   4,4   0:27,430 turtlesim+ 
 1945 pardus    20   0 1124364  90156  58120 R  53,3   4,4   0:27,510 turtlesim+ 
 1945 pardus    20   0 1124364  90156  58120 S  40,0   4,4   0:27,570 turtlesim+ 
 1945 pardus    20   0 1124364  90156  58120 R  50,0   4,4   0:27,640 turtlesim+ 
 1945 pardus    20   0 1124364  90156  58120 S  64,3   4,4   0:27,730 turtlesim+ 
 1945 pardus    20   0 1124364  90156  58120 S  46,7   4,4   0:27,800 turtlesim+ 
 1945 pardus    20   0 1124364  90156  58120 R  57,1   4,4   0:27,880 turtlesim+ 
 1945 pardus    20   0 1124364  90156  58120 S  46,7   4,4   0:27,950 turtlesim+ 
 1945 pardus    20   0 1124364  90156  58120 S  46,7   4,4   0:28,020 turtlesim+ 
 1945 pardus    20   0 1124364  90156  58120 S  64,3   4,4   0:28,110 turtlesim+ 
 1945 pardus    20   0 1124364  90156  58120 R  41,2   4,4   0:28,180 turtlesim+ 
 1945 pardus    20   0 1124364  90156  58120 S  56,2   4,4   0:28,270 turtlesim+ 
 1945 pardus    20   0 1124364  90156  58120 S  46,7   4,4   0:28,340 turtlesim+ 
 1945 pardus    20   0 1124364  90156  58120 S  43,8   4,4   0:28,410 turtlesim+ 
 1945 pardus    20   0 1124364  90156  58120 S  61,5   4,4   0:28,490 turtlesim+ 
 1945 pardus    20   0 1124364  90156  58120 S  50,0   4,4   0:28,560 turtlesim+ 
 1945 pardus    20   0 1124364  90156  58120 S  50,0   4,4   0:28,630 turtlesim+ 
 1945 pardus    20   0 1124364  90156  58120 R  50,0   4,4   0:28,710 turtlesim+ 
 1945 pardus    20   0 1124364  90156  58120 S  66,7   4,4   0:28,810 turtlesim+ 
 1945 pardus    20   0 1124364  90156  58120 R  38,5   4,4   0:28,860 turtlesim+ 
 1945 pardus    20   0 1124364  90156  58120 S  46,7   4,4   0:28,930 turtlesim+ 
 1945 pardus    20   0 1124364  90156  58120 R  46,7   4,4   0:29,000 turtlesim+ 
 1945 pardus    20   0 1124364  90156  58120 S  57,1   4,4   0:29,080 turtlesim+ 
 1945 pardus    20   0 1124364  90156  58120 R  40,0   4,4   0:29,140 turtlesim+ 
 1945 pardus    20   0 1124364  90156  58120 S  50,0   4,4   0:29,220 turtlesim+ 
 1945 pardus    20   0 1124364  90156  58120 S  53,3   4,4   0:29,300 turtlesim+ 
 1945 pardus    20   0 1124364  90156  58120 S  57,1   4,4   0:29,380 turtlesim+ 
 1945 pardus    20   0 1124364  90156  58120 S  53,3   4,4   0:29,460 turtlesim+ 
 1945 pardus    20   0 1124364  90156  58120 S  57,1   4,4   0:29,540 turtlesim+ 
 1945 pardus    20   0 1124364  90156  58120 S  50,0   4,4   0:29,610 turtlesim+ 
 1945 pardus    20   0 1124364  90156  58120 R  57,1   4,4   0:29,690 turtlesim+ 
 1945 pardus    20   0 1124364  90156  58120 R  50,0   4,4   0:29,760 turtlesim+ 
 1945 pardus    20   0 1124364  90156  58120 S  57,1   4,4   0:29,840 turtlesim+ 
 1945 pardus    20   0 1124364  90156  58120 S  42,9   4,4   0:29,900 turtlesim+ 
 1945 pardus    20   0 1124364  90156  58120 S  50,0   4,4   0:29,970 turtlesim+ 
 1945 pardus    20   0 1124364  90156  58120 S  53,8   4,4   0:30,040 turtlesim+ 
 1945 pardus    20   0 1124364  90156  58120 R  42,9   4,4   0:30,100 turtlesim+ 
 1945 pardus    20   0 1124364  90156  58120 S  35,7   4,4   0:30,150 turtlesim+ 
 1945 pardus    20   0 1124364  90156  58120 R  46,2   4,4   0:30,210 turtlesim+ 
 1945 pardus    20   0 1124364  90156  58120 S  53,8   4,4   0:30,280 turtlesim+ 
 1945 pardus    20   0 1124364  90156  58120 S  53,3   4,4   0:30,360 turtlesim+ 
 1945 pardus    20   0 1124364  90156  58120 S  46,2   4,4   0:30,420 turtlesim+ 
 1945 pardus    20   0 1124364  90156  58120 S  61,5   4,4   0:30,500 turtlesim+ 
 1945 pardus    20   0 1124364  90156  58120 S  38,5   4,4   0:30,550 turtlesim+ 
 1945 pardus    20   0 1124364  90156  58120 R  37,5   4,4   0:30,610 turtlesim+ 
 1945 pardus    20   0 1124364  90156  58120 S  40,0   4,4   0:30,670 turtlesim+ 
 1945 pardus    20   0 1124364  90156  58120 S  28,6   4,4   0:30,710 turtlesim+ 
 1945 pardus    20   0 1124364  90156  58120 S  13,3   4,4   0:30,730 turtlesim+ 
 1945 pardus    20   0 1124364  90156  58120 S   7,1   4,4   0:30,740 turtlesim+ 
 1945 pardus    20   0 1124364  90156  58120 S   7,7   4,4   0:30,750 turtlesim+ 
 1945 pardus    20   0 1124364  90156  58120 S   7,7   4,4   0:30,760 turtlesim+ 
 1945 pardus    20   0 1124364  90156  58120 S   7,7   4,4   0:30,770 turtlesim+ 
 1945 pardus    20   0 1124364  90156  58120 S   7,7   4,4   0:30,780 turtlesim+ 
 1945 pardus    20   0 1124364  90156  58120 S   7,7   4,4   0:30,790 turtlesim+ 
 1945 pardus    20   0 1124364  90156  58120 S   7,7   4,4   0:30,800 turtlesim+ 
 1945 pardus    20   0 1124364  90156  58120 S   7,7   4,4   0:30,810 turtlesim+ 
 1945 pardus    20   0 1124364  90156  58120 S   8,3   4,4   0:30,820 turtlesim+ 
 1945 pardus    20   0 1124364  90156  58120 S   7,7   4,4   0:30,830 turtlesim+ 
 1945 pardus    20   0 1124364  90156  58120 S   7,7   4,4   0:30,840 turtlesim+ 
 1945 pardus    20   0 1124364  90156  58120 S   7,7   4,4   0:30,850 turtlesim+ 
 1945 pardus    20   0 1124364  90156  58120 S   8,3   4,4   0:30,860 turtlesim+ 
 1945 pardus    20   0 1124364  90156  58120 S   7,7   4,4   0:30,870 turtlesim+ 
 1945 pardus    20   0 1124364  90156  58120 S   8,3   4,4   0:30,880 turtlesim+ 
 1945 pardus    20   0 1124364  90156  58120 S   7,7   4,4   0:30,890 turtlesim+ 
 1945 pardus    20   0 1124364  90156  58120 S   7,7   4,4   0:30,900 turtlesim+ 
 1945 pardus    20   0 1124364  90156  58120 S   7,7   4,4   0:30,910 turtlesim+ 
 1945 pardus    20   0 1124364  90156  58120 S   6,7   4,4   0:30,920 turtlesim+ 
 1945 pardus    20   0 1124364  90156  58120 S   8,3   4,4   0:30,930 turtlesim+ 
 1945 pardus    20   0 1124364  90156  58120 S  15,4   4,4   0:30,950 turtlesim+ 
 1945 pardus    20   0 1124364  90156  58120 S   7,7   4,4   0:30,960 turtlesim+ 
 1945 pardus    20   0 1124364  90156  58120 S   8,3   4,4   0:30,970 turtlesim+ 
 1945 pardus    20   0 1124364  90156  58120 S   7,7   4,4   0:30,980 turtlesim+ 
 1945 pardus    20   0 1124364  90156  58120 S   7,7   4,4   0:30,990 turtlesim+ 
 1945 pardus    20   0 1124364  90156  58120 S   7,7   4,4   0:31,000 turtlesim+ 
 1945 pardus    20   0 1124364  90156  58120 S   7,7   4,4   0:31,010 turtlesim+ 
 1945 pardus    20   0 1124364  90156  58120 S   8,3   4,4   0:31,020 turtlesim+ 

pardus@pardus:~$ 
